4.027
4.154
4.047
4.118
4.743
4.042
3.72
3.593
3.785
3.861
3.459
3.417
2.952
3.011
2.999
3.083
2.989
2.993
3.028
3.137
2.881
2.818
3.072
2.799
3.133
3.135
2.869
3.034
2.955
3.333
3.403
3.195
3.223
3.268
3.149
3.561
3.381
3.277
3.396
3.367
3.193
4.272
3.615
3.529
3.131
3.15
3.106
2.922
3.382
3.315
3.257
3.387
3.371
3.235
3.013
3.158
2.836
2.804
2.727
2.644
2.681
2.628
2.795
2.725
2.89
2.979
2.812
3.14
3.332
3.062
2.777
3.031
2.932
2.95
2.786
2.727
2.754
3.338
2.935
2.924
2.83
2.706
2.906
2.667
2.591
2.613
2.486
2.583
2.458
2.479
2.429
2.429
2.541
2.565
2.637
2.762
2.709
2.639
2.609
2.528
2.529
2.487
2.479
2.489
2.494
2.446
2.535
2.46
2.52
2.5
2.601
2.773
2.774
2.754
2.676
2.678
2.586
2.547
2.599
2.688
2.623
2.581
2.568
2.558
2.506
2.447
2.534
2.483
2.59
2.558
2.817
3.074
2.864
2.785
2.723
2.521
2.536
2.495
2.521
2.656
2.57
2.521
2.593
2.539
2.57
2.709
3.229
3.143
2.714
2.668
2.511
2.743
2.658
2.747
2.718
2.606
2.624
2.594
2.392
2.907
2.83
2.71
2.575
2.643
2.689
2.562
2.43
2.506
2.57
2.482
2.568
2.586
2.544
2.907
2.703
2.741
2.568
2.719
2.728
2.682
2.622
2.69
2.709
2.732
2.647
2.697
2.793
2.651
2.714
2.58
2.759
2.754
2.621
2.762
2.778
2.663
2.667
2.612
2.608
2.786
2.673
2.57
2.553
2.573
2.59
2.524
2.563
2.53
2.946
3.201
3.023
2.798
2.833
2.84
2.69
2.757
2.796
2.941
2.979
2.732
2.791
2.692
2.77
2.555
2.686
2.682
2.614
2.644
2.719
2.702
2.916
2.966
3.081
2.792
3.035
3.724
3.701
3.372
3.389
3.404
3.171
3.204
3.051
2.85
2.998
2.99
2.906
2.995
2.648
2.679
2.91
2.754
2.79
2.985
3.012
2.923
2.785
3.034
2.857
3.003
2.977
2.939
2.839
2.908
2.822
2.922
2.904
2.773
3.13
2.775
2.995
2.985
3.233
2.891
2.973
2.714
2.813
3.235
3.153
3.11
2.876
2.934
2.724
2.82
2.834
2.782
2.758
2.859
2.683
2.725
2.779
3.028
2.827
2.977
2.821
2.787
2.732
2.791
2.782
2.659
2.642
2.651
2.812
3.224
3.052
2.75
2.699
3.114
2.894
2.775
2.76
2.439
2.346
2.681
2.453
2.531
2.525
2.478
2.429
2.544
2.514
2.341
2.359
2.59
2.502
2.639
2.808
2.29
2.444
2.482
2.524
2.944
2.912
2.777
2.751
2.995
3.023
2.929
2.859
3.087
2.797
2.86
2.964
3.213
3.497
3.433
3.255
2.975
2.967
3.238
3.075
3.215
3.217
3.489
3.605
3.295
3.361
3.281
3.294
3.202
3.193
3.766
3.503
3.55
3.393
3.748
3.214
3.124
3.501
3.108
3.287
3.482
3.599
4.16
4.263
3.787
3.515
3.658
3.298
3.273
3.224
3.276
3.207
3.276
3.116
3.143
3.121
3.195
3.095
2.957
2.997
2.759
2.985
2.91
3.063
3.016
3.062
3.154
3.288
3.346
3.343
3.392
3.787
3.532
2.978
3.093
3.127
3.059
3.177
3.135
3.263
3.203
3.118
2.975
3.188
2.952
2.976
3.195
3.097
3.036
2.953
3.023
3.009
2.976
3.128
3.015
3.051
3.008
3.103
3.147
3.17
3.12
2.992
3.19
3.519
3.495
3.49
3.282
3.121
3.213
3.117
3.063
3.171
3.134
3.051
3.135
3.067
3.054
2.99
2.938
3.358
3.26
3.073
2.948
2.987
2.972
3.161
3.343
3.456
3.474
3.455
3.399
2.921
3.002
2.975
2.956
2.948
3.367
3.364
3.385
3.303
3.149
3.211
3.144
3.048
2.878
3.171
3.69
3.695
3.669
3.661
3.844
3.543
3.544
3.49
3.505
3.341
3.2
3.266
3.307
3.182
3.222
3.188
3.162
3.246
3.233
3.467
3.292
3.397
2.69
3.284
3.418
3.433
3.42
3.47
3.733
3.546
3.263
3.201
3.089
3.044
3.362
3.275
3.15
2.895
3.044
2.959
2.938
2.895
3.046
2.779
2.708
2.781
2.753
2.905
2.9
2.839
2.855
2.803
2.785
2.856
2.867
2.871
2.929
2.945
3.53
3.031
2.915
2.818
2.795
2.908
2.72
2.699
2.443
2.546
2.704
2.917
2.958
2.966
2.883
3.043
3.08
3.038
3.064
3.227
3
2.991
3.121
2.991
2.989
3.026
3.01
2.85
2.973
2.882
2.952
2.862
2.943
2.893
2.986
2.912
2.875
2.859
2.842
2.946
2.906
2.959
2.951
2.961
3.025
2.917
3.015
2.971
3.056
3.004
3.027
3.099
3.072
3.087
2.847
3.111
3.116
2.976
3.203
3.251
3.283
3.424
3.419
3.382
3.248
3.979
3.818
3.625
3.56
3.698
3.534
3.339
3.197
3.24
3.075
3.132
3.953
3.081
2.941
3.039
3.069
3.063
3.057
3.182
3.276
3.223
3.221
3.239
3.235
3.171
3.102
3.052
3.008
3.078
3.057
3.036
3.07
2.994
2.938
2.969
2.919
3.024
2.801
2.864
2.886
2.883
2.771
2.773
2.926
2.798
2.79
2.81
2.675
2.771
2.942
2.907
2.956
2.939
3.104
3.035
3.054
2.955
2.969
3.019
3.021
3.145
2.985
2.993
3.049
2.858
2.915
2.947
2.946
2.872
2.917
2.912
2.74
2.76
2.711
2.833
2.69
2.72
2.74
2.77
2.75
2.62
2.59
2.59
2.63
2.64
2.6
2.63
2.63
2.6
2.59
2.59
2.58
2.62
2.58
2.61
2.63
2.66
2.67
2.61
2.67
2.67
2.64
2.65
2.72
2.65
2.69
2.73
2.71
2.73
2.71
2.69
2.74
2.76
2.69
2.66
2.69
2.73
2.98
3.94
4.08
4.11
4.14
4.11
4.08
4.09
4.14
4.16
3.4
3.22
3.02
3.12
3.07
2.89
2.68
2.63
2.65
2.57
2.7
2.76
2.86
2.73
2.86
2.92
2.81
2.71
2.7
2.83

