0.81025
0.80392
0.80928
0.80988
0.81003
0.30988
0.80938
0.82528
0.81169
0.81047
1.1909
0.79312
0.80996
0.80989
0.8078
0.80916
0.81246
1.0015
0.80985
0.8094
0.80917
0.81106
0.6637
0.81073
1.2698
0.80977
0.83571
0.7513
0.88335
0.8101
0.8103
0.8111
0.81029
0.80511
0.80963
0.80973
0.81024
0.80884
0.80991
0.81009
0.8096
0.65057
0.81008
0.83235
0.81036
0.80819
0.81527
0.81329
0.81042
0.81028
0.81066
0.80791
0.80996
0.8095
0.84558
0.80074
0.81535
0.80909
0.39763
0.78956
0.81026
0.81129
0.81012
0.80996
0.81014
0.81061
0.78627
0.80981
0.80989
0.81536
0.81003
0.81025
0.76992
0.81004
0.80779
0.77538
0.8101
0.80827
0.80991
0.84459
0.80994
0.80741
0.81007
0.80983
0.81006
0.80544
0.80997
0.83805
0.71444
0.80822
0.80988
0.80944
0.8073
0.80945
0.81682
0.80984
0.78316
0.80993
0.81007
0.80977
0.81009
0.81018
0.81013
0.81084
0.81148
0.80996
0.80752
0.80979
0.98177
0.81017
0.85791
1.4816
0.81001
0.8101
0.80952
0.80723
0.80749
0.80991
0.81227
0.8802
0.81008
0.80916
0.80599
0.81052
0.80975
0.8171
0.8102
0.81
0.81005
0.81038
0.81015
0.8101
0.80962
0.81001
0.8099
0.80982
0.80963
0.80986
0.81003
0.81004
0.8655
0.81014
0.81002
0.81019
0.81008
0.80989
0.80724
0.80967
0.8101
0.74453
0.81276
0.80999
0.80995
0.79811
0.80977
0.80985
0.81006
0.8005
0.80725
0.80983
0.7943
0.81007
0.81013
0.81055
0.81008
0.19438
11.793
0.80957
0.81233
0.81127
0.7993
0.8135
0.81059
0.83178
0.80911
0.80973
0.74757
0.81008
0.80994
0.80839
0.80981
0.80936
0.84846
0.8068
0.8101
0.80989
0.83787
0.80842
-2.2066
0.81006
0.81008
0.81065
0.81768
0.81278
0.80997
1.1784
0.80386
0.82653
0.71363
0.80993
0.80748
0.81019
0.80948
0.81019
0.81022
0.80982
0.80997
0.8672
0.8099
0.80976
0.80773
0.79885
0.81013
0.81001
0.80727
0.81028
0.80991
0.81023
0.8447
0.81086
0.82239
0.80994
0.81132
0.82109
0.80616
0.81018
0.79654
0.82017
0.81013
0.83206
0.8032
0.81023
0.80989
0.80868
0.80918
0.81188
0.79727
0.81007
0.80968
0.81385
0.80611
0.80447
0.80962
0.8117
0.81027
0.80536
0.80996
0.8103
0.80592
0.81018
0.82193
0.81366
0.81003
0.81008
76.496
0.72356
0.82409
0.81012
0.80998
0.80987
0.80993
0.83593
0.80936
0.8112
0.80718
0.71417
0.81042
0.72214
0.81557
0.80934
0.80871
0.81078
0.80951
0.8222
0.81022
0.81001
0.81
0.80213
0.80992
0.81006
0.80991
0.81054
0.80905
0.81374
0.80631
0.80478
0.8098
0.80754
0.80998
0.79658
0.81013
0.80995
0.81072
0.80979
0.80971
0.81047
0.81002
0.8021
0.81022
-0.25258
0.82203
0.81452
0.81044
0.80949
0.89251
0.80977
0.91382
0.81009
0.81003
0.80464
0.80802
0.81007
0.80987
0.81047
0.92609
0.80979
0.81344
0.80993
0.8124
0.80982
0.80995
0.81018
0.81743
0.80984
0.8114
0.81011
0.81019
0.8226
0.84005
0.81504
0.81564
0.80999
0.80991
0.8096
0.80674
0.81104
0.80991
0.81482
19.869
0.81046
0.80993
0.81012
0.81142
0.76493
1.0899
0.81016
0.80721
0.80963
0.38691
0.80209
0.80988
0.81049
0.81244
0.80637
0.80626
0.80926
0.81443
0.81007
0.80995
0.81044
0.80865
0.81086
0.81902
0.80188
0.80907
0.81047
0.80987
0.80971
0.81015
0.81061
0.8628
0.81008
0.81002
0.81327
0.81683
0.807
0.8099
1.4859
0.82098
0.79563
0.81218
0.81005
0.81006
0.80974
0.80996
0.80972
0.81134
0.81391
0.81014
0.80986
0.80844
0.80937
0.8114
0.76769
0.80977
0.52162
0.81003
0.80789
0.81005
0.81002
0.80841
0.80991
0.80928
0.80991
0.85089
0.80978
0.82432
0.81004
0.81045
302.7
0.8101
0.80982
0.79972
0.81
0.81009
0.81049
0.80978
0.81033
0.81
0.81167
0.81017
0.81002
0.81047
0.81184
0.80967
0.81013
0.80994
0.80944
0.81003
0.8108
0.80562
0.81
0.80996
0.81117
0.80905
0.80981
0.811
0.80995
0.79807
0.80562
0.81254
0.81004
0.81006
0.80912
0.76676
0.81009
0.80596
0.80659
0.82735
0.81019
0.80922
0.81156
0.86945
0.81024
0.80994
0.80989
0.8099
16.296
0.80997
0.80959
0.80703
0.8103
0.80993
0.80984
0.81071
0.81136
0.80934
0.8211
0.81007
0.8097
0.80999
0.80989
0.81003
0.80985
0.81004
0.80964
0.8168
0.80999
0.80968
0.81008
0.81
0.80428
0.70354
0.80948
0.81434
0.51971
0.80947
0.81025
0.81007
0.80948
0.70003
0.80999
0.81095
0.81006
0.81018
0.81004
0.81007
0.80072
0.81002
0.81653
0.81031
0.80547
0.81409
0.81015
0.81685
0.80946
0.80982
0.81072
-1.3326
0.80995
0.81594
0.81986
0.81003
0.80991
0.87561
0.80696
0.80992
0.80984
0.81016
0.81085
0.82835
0.81032
0.81081
0.80968
0.80726
0.90349
0.81533
0.80983
0.80773
0.76962
0.81001
0.80997
0.81256
0.81544
0.81013
0.81246
0.80976
0.80928
0.80976
0.80992
0.81002
0.81416
0.80776
0.80952
0.80836
0.81192
0.80962
0.81008
0.80277
0.80994
0.81004
0.81478
0.81024
0.88602
0.91931
0.81126
0.79952
0.81086
0.80917
0.81023
0.81006
0.81331
0.8101
0.80997
0.81006
0.77318
0.80821
0.80757
0.80944
0.81032
0.49971
0.80304
0.81017
0.8099
0.79941
0.80978
0.80587
0.77825
1.1273
0.81006
0.81288
0.80992
0.83052
0.81109
0.80976
0.80987
0.80937
0.80991
0.81007
0.80971
0.80977
0.80966
0.81902
0.81068
0.81001
0.80992
0.80998
0.80959
0.81019
0.80993
0.81008
0.81819
0.81147
0.81012
0.8085
0.81016
0.80743
0.80991
0.81004
0.81009
0.81009
0.80995
0.58038
0.80802
0.75618
0.80794
0.80994
0.80912
0.82001
0.80973
0.80988
0.80743
0.80995
0.81019
0.81001
0.81173
0.80995
0.80994
0.81006
0.81015
0.80999
0.81341
0.80999
0.80998
0.8099
0.80999
0.81009
0.78849
0.81007
0.80256
0.80999
0.78155
0.80807
0.80991
0.81011
0.80283
0.80969
0.71929
0.80863
0.80994
0.8099
0.81011
0.80996
0.80993
0.81017
0.80941
0.80451
0.80996
0.80275
0.80235
0.81018
0.81028
0.81001
0.81114
0.81018
0.81009
0.80531
0.80998
0.81201
0.40518
0.78492
0.8099
0.80984
0.81003
0.81091
0.80998
0.81132
0.81473
0.80999
0.81231
0.8102
0.81016
0.97966
0.8455
0.8104
0.81302
0.82575
0.81006
0.81178
0.8071
0.80982
0.81007
0.80999
0.80981
0.8729
0.81355
0.81516
0.81012
0.81002
0.82054
0.81057
0.81582
0.81564
0.78165
0.81008
0.81059
0.81028
0.79928
0.81071
0.81011
0.80936
0.80906
0.81599
0.81109
0.80989
0.81001
0.8099
0.80986
0.82937
0.81575
0.80715
0.81011
0.81
0.8082
0.81009
0.81024
0.81017
0.81006
0.7647
0.81011
0.80993
0.80897
0.79462
0.81001
0.81154
0.8079
0.81006
0.80927
0.81024
0.83611
0.81642
0.79584
0.81016
0.80994
0.80952
0.81002
0.81106
0.81
0.81007
0.81058
0.80989
0.8055
0.77931
0.80953
0.76882
0.80402
0.59857
0.80991
0.81873
0.81065
0.80699
0.81
0.80408
0.80973
0.80991
0.80995
0.81015
0.81015
0.81004
0.81111
0.81001
0.7943
0.76178
0.80951
0.80975
0.81012
0.80713
0.73571
0.80996
0.81866
0.80921
0.7845
0.81008
0.81015
0.81316
0.81111
0.81031
0.80999
0.80961
0.81056
0.81016
0.8097
0.81041
0.80929
0.8099
0.81001
0.80561
0.81012
0.81
0.83792
0.81167
0.81
0.80995
0.81329
0.80999
0.8193
0.80961
0.8099
0.80941
0.81005
0.80999
0.80998
0.81014
0.82375
1.0401
0.81043
0.81773
0.80993
0.81015
-32.956
0.81003
0.80727
0.817
0.80947
0.80995
0.80999
0.81003
0.8408
0.81052
0.80999
0.8102
0.80989
0.12836
0.81855
0.80966
0.81353
0.81001
0.81934
0.80978
0.78633
1.0222
0.81019
0.81303
0.81002
0.81043
0.80291
0.81006
0.80974
0.80991
0.80992
0.80965
0.81
0.80997
0.81044
0.81007
0.80783
0.79648
0.87068
0.80989
0.81001
0.81192
0.80973
0.8099
0.80997
0.80989
0.80997
0.8099
0.81068
0.80988
0.81011
0.80938
0.79258
0.75555
0.81002
0.80967
0.80985
0.81018
0.80985
0.80982
0.80987
0.80872
0.80997
0.95404
0.81012
0.81476
0.80989
0.80618
0.80988
0.80999
0.92176
0.80181
0.79834
0.81028
0.80941
0.80281
0.81133
0.81748
0.87338
0.81002
0.81458
0.81027
0.80915
0.80971
0.80993
0.81047
0.81004
0.81018
0.80995
0.80995
0.80987
0.80981
0.81026
0.80995
0.78805
0.80995
0.83528
0.80995
0.81124
0.81175
0.80995
0.8202
0.8095
0.77951
0.81643
0.81001
0.81016
0.81071
0.81
0.81126
0.80777
0.80986
0.81135
0.80994
0.80883
0.81063
0.80482
0.83816
0.81004
0.80997
0.80972
0.80937
0.80994
0.82082
0.8101
0.80992
0.80993
0.79225
0.81261
0.81005
0.81056
0.81061
0.81023
0.80963
0.81021
0.81096
0.83499
0.8102
1.2763
0.76757
0.81072
0.8097
0.81015
0.80993
0.80981
0.80997
0.81013
0.80784
0.77525
0.94214
0.80958
0.80993
0.81003
0.84301
0.81009
0.8167
0.81007
0.81012
0.81004
0.81003
0.80556
0.80968
0.80999
0.8101
0.80953
0.81003
0.81001
0.81011
0.80413
0.81
0.81831
0.79722
0.81116
0.81795
0.80995
0.81228
0.8103
0.80515
0.80932
0.81008
0.80996
0.811
0.77836
0.80994
0.81006
0.80946
0.80992
0.83873
0.80979
0.81315
0.80387
0.81001
0.80948
0.81257
2.1792
0.81325
0.81
0.80999
0.80319
0.81046
0.81001
0.81613
0.81008
0.81006
0.0034978
0.80992
0.81022
0.80995
0.8101
0.80643
0.81004
0.81217
0.80999
0.80737
0.81004
0.81059
0.80817
0.80869
0.80995
0.80752
0.81031
0.80463
0.80842
0.81423
0.81005
0.81003
0.81302
0.80733
0.81008
0.81106
0.80714
0.80993
0.80593
0.80897
0.80961
0.80978
0.81468
0.69205
0.87139
0.81033
0.81022
0.80569
0.83073
0.81086
0.81146
0.80994
0.80997
0.80986
0.81638
0.80946
0.81004
0.81018
0.80994
0.81002
0.80924
0.81512
0.80685
0.8575
0.81018
0.80963
0.81025
0.81065
0.79562
0.81006
0.80939
0.80954
0.80983
0.79209
0.86369
0.80836
0.81011
0.81356
0.84691
0.8098
0.80996
0.80988
0.80979
0.80958
0.83283
0.80957
0.8101
0.81254
0.81267
0.80983
0.81008
0.81014
0.80988
0.89116
0.81007
0.81
0.81073
0.8101
0.81552
0.80958
0.81065
0.81009
1.2555
0.81145
0.81059
0.80967
0.8084
0.80832
0.81003
0.81053
0.80988
0.79712
0.81096
0.80713
0.81053
0.81017
0.79775
0.80983
0.80989
0.81239
0.80513
0.8099
0.80116
0.80996
0.8099
0.85364
0.81004
0.80989
0.78124
0.8099
0.81006
1.0429
0.80997
0.8188
0.80997
0.81011
0.81026
0.814
0.81241
0.80926
0.8105
0.7069
0.80471
0.81002
0.81038
0.79715
0.81198
0.80687
0.81012
0.80928
0.81009
0.81006
0.81003
0.79137
0.81009
0.81078
0.80998
0.8075
0.75992
0.81007
0.81006
2.8811
0.80232
0.81
0.811
0.80936
0.71796
0.81052
0.80992
0.80688
0.8692
0.79993
0.80939
0.80989
0.80917
0.80558
0.81006
0.81107
0.80994
0.7743
0.81015
0.80884
0.81012
0.81004
0.80775
0.81004
0.8099
0.7955
0.81015
0.68715
0.81008
0.81005
0.81009
0.81139
0.8103
0.80995
0.81116
0.81069
0.68999
0.81022
-7.9479
0.81032
0.80806
0.81013
0.81985
0.80965
0.75223
0.80991
0.81002
0.81012
0.81015
0.80995
0.8171
0.82357
0.81026
11.344
0.8095
0.81044
0.78099
0.79061
0.80987
0.80989
0.8088
0.80983
0.8167
0.81127
0.87481
0.81299
0.81015
0.80976
0.80967
0.80976
1.462
0.81005
0.80661
0.81016
0.80911
0.80985
0.80759
0.81
0.81052
0.81134
0.54516
0.80949
0.80965
0.81141
0.81003
0.80778
0.80992
0.8142
0.81008
0.8142
0.80959
0.81004
3.0132
0.81228
0.80992
0.81545
0.80989
0.79558
0.73711
0.81081
0.80993
0.81011
0.80994
0.81019
0.74859
0.81061
0.81001
0.80992
0.81001
0.80992
0.80996
0.81152
28.429
0.81249
0.8101
0.81413
0.8097
0.80955
0.81014
0.80997
0.81006
0.82114
0.81477
0.81006
0.80154
0.79997
0.80977
0.81001
0.80999
0.80998
0.80977
0.80994
1.1071
0.81007
0.80999
0.81012
0.81326
0.82198
0.81185
0.80044
0.79794
0.80682
0.81012
0.76754
0.72688
0.81071
0.81154
0.80993
0.81026
0.80999
0.80135
0.80993
0.80228
0.80987
0.80997
0.8101
0.81048
0.80993
0.84225
0.80998
0.81968
0.79244
0.80751
0.82029
0.81019
0.81795
0.81003
0.80986
0.8097
0.80969
0.80986
0.8952
0.81411
0.80679
0.81019
0.81011
0.7931
0.88558
0.80815
0.80983
0.81004
0.79256
0.81044
0.8101
0.7836
0.80819
0.79993
0.80626
0.80686
0.80847
0.80993
0.81041
0.81955
0.8101
0.81647
5.7072
0.80948
0.80801
0.82189
0.81009
0.8218
1.1082
0.81003
0.81069
0.84257
0.80238
0.81404
0.67544
0.81019
0.81007
0.80901
0.80999
0.80989
0.81009
0.81063
0.80998
0.81008
0.81096
1.2756
0.82323
0.8101
0.80993
0.81026
0.8115
0.912
2.1033
0.80996
0.80938
0.80816
0.80996
0.81777
0.82368
0.81658
0.81068
0.8099
0.97483
0.81048
0.81008
0.97009
0.80712
0.80749
0.80978
0.80999
1.0104
0.65981
0.81376
0.81
0.81309
0.81678
0.81091
0.80888
0.81005
0.81198
0.8709
0.81014
0.81022
0.80989
0.81
0.81257
0.63812
0.80786
0.81365
0.80432
0.81008
0.81007
0.81012
0.81011
0.81381
0.81042
0.80748
0.80976
0.80998
0.81001
0.81
0.81008
0.81049
0.81016
0.81014
0.81996
0.88377
0.81005
0.81273
0.80988
0.83027
0.81031
0.81068
0.81013
0.8154
0.81065
0.81005
0.80999
0.81026
0.80675
0.81019
1.1559
0.77542
0.78964
0.81355
0.80984
0.80899
0.81032
0.81012
0.8034
0.81023
0.81082
0.81028
0.81117
0.81418
0.80992
0.80301
0.81077
0.80998
0.81034
0.81016
1.3234
0.82642
0.81047
0.81001
0.8169
0.81002
0.80948
0.80852
0.81316
0.80913
-816.22
0.81123
0.8134
0.81011
0.80772
0.80721
0.79635
0.82731
0.82349
0.8102
0.80843
0.80986
0.8103
0.80962
0.81011
6.8459
0.82155
0.80983
0.80996
0.81009
0.81045
0.81028
0.8137
0.80993
0.82715
0.81012
0.80819
0.81039
0.82016
0.81079
0.80926
0.81087
0.81025
0.80566
0.71317
0.81088
0.81421
0.8099
0.80978
0.81489
0.80152
0.80962
0.80749
0.80607
0.80942
0.81028
0.8109
0.73711
0.81109
0.8099
0.81008
0.81016
0.81009
0.81418
0.81007
0.81001
0.81
0.80894
0.81
0.81129
0.80864
0.80819
0.8096
0.81008
0.80999
0.80708
0.8099
0.78599
0.80985
0.81005
0.81004
0.80717
0.55164
0.79648
0.80304
0.81004
0.81008
0.82615
0.80972
0.95287
0.81092
0.80966
0.81006
0.79295
0.81008
0.80879
0.80979
0.78732
0.81168
0.81061
0.79821
0.80632
0.8055
0.80993
0.81011
0.80932
0.80855
0.81013
0.81118
0.81007
0.81003
0.80993
0.81038
0.81016
0.80977
0.81006
0.82221
0.80757
0.80982
0.82655
0.79413
0.80817
0.80976
0.81021
0.78992
0.81198
0.81018
0.81335
0.80997
0.80914
1.133
0.81007
0.81098
0.81012
0.81068
0.81202
0.81095
0.81014
0.81005
0.81005
0.81152
0.81007
0.81343
0.80992
0.81019
0.8091
0.89457
0.81005
0.8099
0.8099
0.80953
0.80748
0.81046
0.80996
0.80992
0.80966
39.768
0.80997
0.80759
0.81226
0.64485
0.74953
0.8101
0.80212
0.81003
0.80861
0.81056
0.81032
0.80821
0.81138
0.80878
0.81006
0.80988
0.80994
0.81498
0.79744
0.81026
0.80914
0.80989
0.8141
0.81085
0.81036
0.73716
0.95233
0.80997
0.80986
0.80968
0.81045
0.77662
0.81018
0.81039
0.80973
0.93487
0.81604
0.81014
0.8099
0.80741
0.80993
0.80974
0.80973
0.80975
0.81033
0.81007
0.81026
0.80797
0.81013
0.79838
0.82443
0.80544
0.81031
0.80997
0.81116
0.80998
0.81029
0.81007
0.80998
0.80956
0.80985
0.80826
0.80799
0.80978
0.80997
0.81008
0.80954
0.80995
0.80954
0.80999
0.80764
0.80046
0.81018
0.7798
0.81026
0.80928
0.81011
0.8096
0.81636
0.811
0.81
0.8101
0.8099
0.81
0.81012
0.80887
0.80669
0.80987
0.81095
0.80933
0.80396
0.80994
0.81263
0.80517
0.81007
0.80721
0.80929
1.5175
0.80822
0.80983
0.80999
0.80654
0.81019
0.81009
0.81001
0.80973
0.81001
0.81108
0.8101
0.80993
0.85839
0.8119
0.63292
0.81013
0.81857
0.8006
0.8096
0.81851
0.80772
0.81016
0.81008
0.80667
0.80989
0.8095
0.81009
0.8113
0.81017
0.80825
0.80941
0.81009
0.80858
0.80995
0.80989
1.225
0.80939
0.81095
0.80999
0.80996
0.8173
0.80902
0.8086
0.81572
0.80603
0.81011
0.81766
0.8139
0.81186
0.56714
0.80985
0.80451
0.81009
0.81005
0.80966
0.80445
0.80943
0.80978
-3.5013
0.81062
0.81019
0.81074
0.79991
0.81078
0.81007
0.82033
0.81008
0.80995
0.81014
0.80491
0.80995
0.78624
0.80997
0.80952
0.80863
0.65261
0.8102
0.8207
0.80969
0.81014
0.80929
0.80936
0.81094
0.81409
0.81034
0.80588
0.8126
0.79892
0.80994
0.80975
0.81322
0.80986
0.82312
0.80959
0.80908
0.81003
0.81217
5.0618
0.8102
0.8088
0.77632
0.80043
0.80984
0.81004
0.81021
0.80986
0.81903
0.8097
0.8096
0.79948
0.81007
0.81019
0.81007
0.81035
0.8107
0.81006
0.80958
0.81082
0.81185
0.80996
0.75246
0.79757
0.80946
0.70125
0.80957
0.82749
0.83548
0.79648
0.81017
0.80993
0.81232
0.83745
0.80995
0.80995
0.80959
0.81
0.81011
0.81197
0.80966
0.81253
0.81006
0.80992
0.81011
0.81009
6.7159
0.76333
0.80947
0.81005
0.80119
0.77513
0.79747
0.80999
0.82248
0.80982
0.81
0.80965
0.82924
0.80907
0.80998
0.85664
0.81051
0.80508
0.81
0.81034
0.74881
0.76027
0.53614
0.81
0.80997
0.80996
0.80761
0.80983
0.8104
0.81025
0.8099
0.77663
0.80923
1.0874
0.81054
0.80989
0.81164
0.80298
1.0191
0.79112
0.80647
0.80996
0.81046
0.84127
0.81008
0.81449
0.80933
0.81023
0.8102
0.80525
0.76038
0.80942
0.80981
0.80988
0.81016
0.80947
0.80998
0.80992
0.80987
0.80997
0.81094
2.7018
0.81008
0.8091
0.80984
0.81005
0.81032
0.80997
0.80894
0.80989
0.81007
0.81287
0.81022
0.80708
0.81003
0.81008
0.81005
0.81011
0.80999
0.81262
0.8135
0.80367
0.81005
0.81701
0.80996
0.81029
0.81001
0.80998
0.8166
0.81008
0.80977
0.78357
0.81017
0.78028
0.80017
0.81614
0.99414
0.81032
0.8154
0.81325
0.80998
0.81067
0.80898
0.80969
-0.86119
0.80993
0.81024
0.80905
0.81137
0.81009
0.81907
0.90336
0.81002
0.80782
0.80916
0.80989
0.81077
0.80991
0.81479
0.81014
0.80999
0.80891
0.81145
0.8103
0.80899
0.80636
0.81014
0.81003
0.81076
0.80997
0.82715
0.80647
0.80996
1.2886
0.81014
0.80897
0.81063
0.80993
0.81016
0.80639
0.80965
0.80777
0.81143
0.81297
0.81001
0.80989
0.80925
0.81003
0.81022
0.80793
0.80284
0.80531
0.81768
0.80994
0.80997
0.81425
0.80957
0.81002
0.81091
8.5145
0.8081
0.81
0.81165
0.81003
0.80267
0.81114
0.80651
0.81152
0.80538
0.81026
0.80315
0.87952
0.809
0.81001
0.84085
0.80993
0.82066
0.80936
0.81261
0.81005
0.8089
0.81005
0.91086
0.81088
0.80409
0.80993
0.81012
0.81
0.86947
0.81041
0.81008
0.81615
0.81021
1.351
0.80995
0.81149
0.8088
0.81009
0.80984
0.80235
0.81032
0.81679
0.80701
0.81055
0.80057
0.80872
0.81036
0.80972
0.81978
0.80714
0.79316
0.81503
0.81004
0.80901
0.80995
0.8103
0.81008
0.80985
0.80856
0.81002
0.80984
0.81048
0.83493
0.80547
0.80926
0.80977
0.82242
0.81263
0.81059
0.80211
0.81946
0.80999
0.80963
0.8099
0.81372
0.81071
0.80964
0.80991
0.80957
0.80993
0.81008
0.80942
0.78561
0.81015
0.80607
0.80968
0.81034
0.81491
0.80951
0.80973
0.81046
0.82148
0.80992
0.81033
0.7755
0.81061
0.82197
0.80996
0.8101
0.8099
0.71702
0.7936
0.81075
0.81007
0.81041
0.81015
0.81174
0.80998
0.83427
0.68011
0.80992
0.81006
0.80998
0.80898
0.80882
0.79755
0.80994
0.81079
0.81052
0.81245
0.8096
0.81002
0.8103
0.79429
0.87802
0.80972
0.81057
0.80948
0.81005
0.80989
0.80083
0.81009
0.87705
0.81007
0.7932
0.82952
0.81277
0.70575
0.81308
0.81008
0.81011
0.80985
0.80994
0.92168
0.81005
0.81773
0.8138
0.81011
0.80986
-0.68393
0.81072
0.80963
14.352
0.8102
0.80997
0.80998
0.81005
0.81011
0.80566
0.8078
0.80979
0.80911
0.80999
0.81017
0.81262
0.81008
0.81014
0.80603
0.8084
0.81026
0.80992
0.81689
0.81022
0.80758
0.81405
1.0413
0.80593
0.80997
0.8096
0.80925
0.80936
0.80995
0.8101
0.81023
0.80972
0.80993
0.81006
0.81014
0.8161
0.81003
0.8099
0.81014
0.81012
0.7751
0.80985
0.79385
0.80998
0.80101
0.81012
0.80886
0.80993
0.81024
0.81006
0.809
0.80974
0.81008
1.4395
0.80027
0.81369
0.80818
0.80328
0.80984
0.81021
0.81165
0.81029
0.2283
0.82073
0.8334
0.79597
0.81009
0.80983
0.8099
0.80981
0.81032
0.80983
0.80985
0.81401
0.81
0.8021
0.81324
0.8118
0.80229
0.80993
0.80969
0.81007
0.81041
0.81003
0.84398
0.81016
0.62117
0.79965
0.81364
0.81033
0.81039
0.81025
0.74915
0.81001
0.81052
0.81498
0.81001
0.81009
0.81007
0.8101
0.80998
0.81234
0.81757
0.81164
0.81224
0.80998
0.81007
0.81009
0.8076
0.80976
0.81037
0.81002
0.8111
0.81001
0.80974
0.79688
0.81078
0.81009
0.80994
0.80998
0.80987
0.78588
0.81019
0.81007
0.81001
0.80969
0.8118
0.81082
0.81369
10.228
0.8457
0.80979
0.83961
0.81218
0.81
0.82749
0.80994
0.80433
0.80988
0.80374
0.62958
0.81003
0.81667
0.81055
0.81007
0.80992
0.81003
0.81055
0.81279
0.80994
0.80984
0.82165
0.8147
0.81667
0.80972
0.80995
0.80975
0.81095
0.81081
0.81002
0.80686
0.81012
0.81026
0.80908
0.80986
0.80991
0.81017
0.80989
0.8101
0.81057
0.81389
0.79719
0.81004
0.80699
0.81005
0.80959
0.81113
0.78301
0.82236
0.80997
-7.0854
0.80984
0.81123
0.81242
0.81004
0.80567
0.77858
0.80996
0.80985
0.81015
0.81305
0.81037
0.80981
0.80858
0.8101
0.82748
0.81008
0.80996
0.80998
0.81307
0.80882
0.7989
0.81225
0.80981
0.81013
0.81005
0.8104
0.81066
0.5758
0.80924
0.82445
0.81012
0.82032
0.80913
0.80986
0.79955
0.81014
0.61552
0.82702
0.81051
0.80989
0.80967
0.81399
0.81323
0.80991
0.80999
0.81008
0.81005
0.80997
0.81002
0.80957
0.81015
0.81015
0.80998
0.80383
0.80998
0.81014
0.80994
0.80971
0.81005
0.80991
0.80152
0.80992
0.80999
0.81006
1.0197
0.81013
0.75321
0.80946
0.80998
0.8107
0.79783
0.8105
0.81016
0.80889
1.1658
0.81014
0.8106
0.81206
0.80928
0.81094
0.81208
0.95804
0.8202
0.80967
0.7986
0.81009
0.82618
0.81344
0.80682
0.8804
0.80995
0.81022
0.81002
0.81007
0.36084
0.80935
0.80997
0.81009
0.81017
0.80847
0.81283
0.85538
0.81006
0.80512
0.80998
0.80996
0.8096
0.82974
0.80962
0.8102
0.81041
0.80998
0.80994
0.80922
0.82375
0.81009
0.8095
0.82215
0.81035
1.1044
0.81
0.79518
0.80988
0.80948
0.80814
0.80385
0.8098
0.81007
0.80957
10.331
0.81024
0.80962
0.80705
0.81007
0.81056
0.81015
0.80977
0.81021
0.80499
0.48193
0.81032
0.81001
0.8111
0.81002
0.81009
0.80413
0.80988
0.81019
0.81
0.81044
0.41434
0.79768
0.81442
-2.0574
0.80831
0.81008
0.81006
0.81007
0.80994
0.82712
0.84672
0.80996
0.81008
0.80982
0.81436
0.80995
0.80625
0.80642
0.80582
0.81011
0.81016
0.81004
0.81006
0.84336
0.81976
0.81069
0.81011
0.81025
0.80994
0.79515
0.80638
0.81021
0.80968
0.80998
0.80977
0.79176
0.80466
0.8212
0.81046
0.81003
0.8102
0.80867
0.80999
0.80932
0.81024
0.80993
0.80967
0.81024
0.80634
0.81956
0.81019
0.81022
0.80996
0.80902
0.80978
0.81003
0.81344
0.81004
0.94976
0.80992
0.80362
0.87327
0.80982
0.81046
0.8015
0.80799
0.81007
0.80991
0.8106
0.80989
0.81006
0.81419
0.82754
0.80995
0.80989
0.80993
0.81323
0.80965
0.81063
0.81009
0.80996
0.80963
0.78954
0.80994
0.80343
0.80979
0.8102
0.82326
0.80967
0.81106
0.81044
0.80781
0.81013
0.80807
0.81221
0.80994
0.80871
-12.545
0.80993
0.81064
0.80795
0.81414
0.80998
0.80996
0.80934
0.80855
0.80973
0.82029
0.83404
0.79089
0.80665
0.80985
0.81263
0.81304
0.8126
0.80994
0.91011
0.80999
0.80174
0.80818
0.80742
0.81014
0.80985
0.80997
0.81038
0.81323
0.80863
0.81011
0.80866
0.78982
0.80995
0.81103
0.49223
0.81041
0.81311
0.76631
0.81236
0.81058
0.80966
0.79338
0.80158
0.80954
0.8103
0.80961
0.81022
0.80998
0.80901
0.81004
0.75966
0.82049
0.80966
0.81151
0.80997
0.8088
0.80909
0.82526
0.81035
0.79552
0.81008
0.80539
0.81423
0.8076
0.81974
0.79012
0.80107
17.266
0.80957
0.81006
0.81056
0.81019
0.81693
0.81763
0.79545
0.80874
0.81124
0.81013
0.81007
0.81045
0.80973
0.78458
0.88621
0.80996
0.80885
0.80999
0.81014
0.81437
0.81431
0.80961
0.8101
0.80813
0.80986
0.82091
0.81012
0.80796
0.80991
0.82076
0.81001
0.81005
0.80938
0.80996
0.80986
0.82728
0.80276
0.81026
0.80289
0.80997
0.81179
0.80944
0.80987
0.81022
0.81007
0.81007
0.81021
0.81037
0.81364
0.81004
0.80959
0.80897
0.79766
0.80985
0.81012
0.80996
0.80992
0.80991
0.81036
0.81003
0.81011
0.8231
0.80978
0.81184
0.81015
0.80988
0.81042
0.81151
0.80899
0.80721
0.80991
0.82372
-0.037837
0.81078
0.80989
0.80999
0.81004
0.81004
0.80998
0.80075
0.8094
0.80954
0.81896
0.80937
0.81006
0.80998
0.81208
-5.5194
0.80347
0.81193
0.80838
0.80997
0.81019
0.81062
0.81007
0.81241
0.88594
0.80942
0.80863
0.8107
0.81025
0.81012
0.86889
0.80969
0.79467
0.80992
0.79174
0.32055
0.81104
0.81279
0.80963
0.80995
0.81001
0.8102
0.81015
0.81005
0.80909
0.81022
0.81019
0.80984
0.80993
0.79909
0.80984
0.80874
0.81098
0.7281
0.80966
0.80994
0.80962
0.80995
0.80716
0.81006
0.80995
0.88263
1.3983
0.81135
0.81068
0.80898
0.80949
0.8101
0.80991
0.81036
0.80985
0.81283
0.8096
0.80994
0.80698
0.81964
0.80961
0.82096
0.81004
0.80699
0.81019
0.8144
0.81016
0.80849
0.80996
0.80978
0.80969
0.81011
0.8111
0.80991
0.81017
0.80997
0.80534
0.80845
0.80956
0.81003
0.80449
0.81007
0.81005
0.81099
0.81131
0.80996
0.81013
0.81125
0.81422
0.80768
0.82007
0.81537
0.80856
0.81001
0.80254
0.78068
0.88598
0.80521
0.81091
0.74554
0.80979
0.80954
0.80883
0.80664
0.80996
0.84909
0.81
0.6824
0.80944
0.8101
0.81001
0.80997
0.80993
0.80997
0.80974
0.7711
0.8016
0.80739
0.8101
0.8098
0.79533
0.81007
0.59603
0.80745
0.80988
0.80932
0.79976
0.81009
0.81007
0.84935
0.81001
0.80855
0.81289
0.80996
0.80993
0.81966
0.81891
0.79505
0.81234
0.81047
0.80542
0.81007
0.80998
0.81004
0.80453
0.80913
0.80925
0.80961
0.8099
0.80905
0.80976
1.0245
0.80993
0.81
0.77726
0.81001
0.81001
0.79917
0.81008
0.8097
0.80999
0.80557
-0.048809
0.80991
0.81005
0.81048
0.81008
0.8103
0.83251
0.85785
0.5714
0.80745
0.81864
0.8096
2.707
0.97571
0.81008
0.81004
0.81056
0.81025
0.81003
0.81224
0.8261
0.80985
0.81012
0.80213
0.80998
0.81023
0.8092
0.8099
0.81031
0.80996
0.81005
0.81011
0.82804
0.81007
0.81164
0.80527
0.81012
0.80999
0.81102
1.9663
0.81
0.78938
0.81009
0.81007
0.81038
0.81025
0.81006
0.80935
0.81387
0.80994
0.81161
0.74725
0.8088
0.81733
0.81018
0.80949
0.81
0.80948
0.81002
0.81003
0.81017
0.80857
0.81039
0.7941
0.81696
0.85724
0.83133
0.8101
0.80814
0.81931
0.80982
0.81981
0.82096
0.80388
0.81002
0.81186
1.5469
0.80697
0.81009
0.80992
0.80569
0.81
0.80989
0.80421
0.7744
0.81039
0.81012
0.80963
0.81011
0.81075
0.80979
0.81025
0.80816
0.81006
0.8136
0.81012
0.81005
0.81104
0.80981
0.80977
0.80277
0.80328
0.8106
0.81013
0.80997
0.80951
0.81049
0.70783
0.81005
0.70294
0.80953
0.81061
0.81
0.81132
0.80947
0.81414
0.80803
0.80967
0.76424
0.81005
0.8084
0.80963
0.80989
0.80846
0.80996
0.80995
0.81031
0.80995
0.81943
0.80989
0.8366
0.81038
0.80064
0.81012
0.80992
0.81
0.82642
0.96787
0.80467
0.80797
0.84496
0.81
0.81211
0.80973
0.86173
0.81225
0.81048
0.80985
0.80989
0.8112
0.80994
0.80916
0.80991
0.80995
0.80991
0.8096
0.82251
0.81044
0.81077
0.80935
0.81217
0.80846
0.80989
0.81047
0.81045
0.80989
0.81045
0.80999
0.80993
0.81132
0.80846
0.8108
0.81369
0.81223
0.81353
0.52155
0.80732
0.81001
0.80989
0.93894
0.81004
0.8094
0.80973
0.80182
0.81179
0.81006
0.81059
0.81082
0.80946
0.81001
0.81024
0.81723
0.81006
0.80817
0.81046
0.79282
0.81003
0.80997
0.81602
0.80868
0.17049
0.81513
0.80496
0.81206
0.81004
0.81006
0.81581
0.81231
0.81122
0.80947
0.83351
0.80997
0.80986
0.81001
0.81157
0.81004
0.80996
0.80987
0.79661
0.80653
0.80974
0.8101
0.80998
0.80786
0.80981
0.81019
0.80452
0.81475
0.81001
0.70541
0.81001
0.80724
0.81044
0.81004
0.80997
0.80591
0.44835
0.80956
0.81021
0.80199
0.81003
0.81704
0.78243
0.80961
0.81004
0.80799
0.82729
0.81022
0.8105
0.81001
0.81006
1.449
0.78401
0.81031
0.8074
0.81071
0.81006
0.81466
0.80983
0.80996
0.81089
0.81759
0.81205
0.95211
0.81007
0.8011
0.80156
-5.712
0.81004
0.81005
0.81018
0.80836
0.81034
0.81016
0.80967
0.81182
0.81
0.80998
0.80985
0.80971
0.81593
0.80651
0.80989
0.81
0.81005
0.39363
0.81008
0.80041
0.81007
0.81
0.81157
0.80956
0.7931
0.80987
0.81026
0.80979
0.80894
0.82291
0.81644
0.81446
0.8204
0.8099
0.81007
0.81
0.80247
0.81017
0.81049
0.81054
0.80932
0.82359
0.8099
0.80999
0.82306
0.80982
0.80992
0.80994
0.81013
0.8102
0.8088
0.8096
0.81042
0.81046
0.81974
0.80987
1.0354
2.3732
0.95779
0.79391
0.80976
0.81804
0.80558
0.81366
0.80998
0.069419
0.81324
0.80996
0.77216
0.81033
0.81007
0.80988
0.82109
0.80987
0.80858
0.80982
0.80977
0.81082
0.82074
0.81291
0.81
0.812
0.82217
0.80981
0.81023
0.81911
0.81005
0.81007
0.81009
0.81017
0.80748
-0.05918
0.80827
0.90761
0.80965
0.75313
0.81003
0.80954
0.8098
0.79205
0.80999
0.80994
0.81013
0.81095
0.80941
0.80995
0.80991
0.80981
0.80997
0.80859
0.80976
0.81025
0.81028
0.80997
0.81021
0.81003
0.80983
0.8099
0.81077
0.81112
0.81002
0.81012
0.80988
0.81006
0.80996
0.81108
0.81028
0.80998
0.78475
0.81195
0.81573
0.80525
0.81005
0.84862
0.80999
0.80987
0.81004
0.81049
0.80977
0.81003
0.81026
0.80951
0.81013
0.80999
0.80971
0.80987
0.80961
0.80996
0.81028
0.81025
0.811
0.8097
0.80952
0.81059
0.80926
0.80807
0.81037
0.81013
0.81012
0.81
0.81023
0.81071
0.84482
1.5111
0.81404
0.81114
0.81017
0.81164
0.80529
0.80928
0.8175
0.80993
0.80733
0.79585
0.81002
0.8091
0.81001
0.83537
0.81226
0.80968
0.81013
0.80863
0.79582
0.80995
0.80992
0.81063
0.8107
0.81035
0.80997
0.80961
0.89928
0.81007
0.86629
0.80994
1.0279
0.81666
0.80994
0.81382
0.80989
0.80117
0.80391
0.80979
0.81018
0.7618
0.80866
-0.1453
0.80974
0.80483
0.39308
0.80868
0.80999
0.81043
0.80929
0.79696
0.81874
0.80432
1.914
0.79727
0.81827
0.81026
0.80773
0.81706
0.80602
0.80985
0.68711
0.80242
0.80978
0.80993
0.81041
0.81009
0.80979
0.81003
0.80994
0.80984
0.79853
0.81151
0.81067
0.81015
-1.0229
0.84029
0.80979
0.81025
8.3969
0.80883
0.81132
0.80173
0.80999
0.80803
0.83069
0.80989
0.80419
0.80715
0.80748
0.8269
0.79647
0.81015
0.80984
0.81003
0.81029
0.7048
0.81006
0.80973
0.80228
0.81036
0.80998
0.81037
0.81022
0.80735
0.81081
0.81035
0.81845
0.83367
0.80995
0.80999
0.81246
-7.8531
0.81015
0.81
0.81131
0.81551
0.80993
0.80684
0.8092
0.82121
0.80892
0.80479
0.81859
0.81792
0.80984
0.80621
0.80985
0.80988
0.80992
0.8086
0.81234
0.81011
0.81024
0.81
0.8098
0.78535
0.80824
0.80943
0.80899
0.81465
0.81001
0.81006
0.81003
0.78862
0.83549
0.80736
0.8097
0.8085
0.81057
0.80168
0.81007
1.7527
0.80915
0.8097
0.80589
0.80991
0.80991
0.81429
0.80994
1.3468
2.235
0.81028
0.81002
0.80997
0.81033
0.80952
0.80996
0.8148
0.80831
0.80701
20.163
0.80868
0.81559
0.80956
0.79785
0.81005
0.80994
0.81007
0.8362
0.81184
0.81016
0.81414
0.81
0.80957
0.8105
0.8099
0.80974
0.80978
0.81012
0.81034
0.83843
0.81257
0.80253
0.8101
0.80994
0.80993
0.81114
0.8099
0.8074
0.089755
0.80942
0.80993
0.81268
0.75079
0.74172
0.80907
0.80923
0.81043
0.81014
0.78463
0.82025
0.80979
0.73858
0.81055
1.0097
0.80885
0.80979
0.8099
0.80794
0.74301
0.81668
0.80975
0.80849
0.80983
0.80109
0.80983
0.80992
0.82021
0.81031
0.80992
0.81
0.80992
0.80998
0.8098
0.81008
0.8124
0.80892
0.80924
0.21314
0.81002
0.81021
0.80986
0.80999
0.80002
0.81014
0.81025
0.81112
0.81066
1.2072
0.81019
0.80966
0.79239
0.80992
0.82086
0.81782
0.80206
0.81541
0.80995
0.80962
0.80997
0.80991
0.80992
0.7801
0.8082
0.80995
0.76776
0.81006
0.80977
0.81986
0.81
0.80994
0.81004
0.80978
0.81005
0.81599
0.83187
0.80901
0.80475
-0.027732
0.81004
0.80991
0.77822
0.80938
0.8095
0.81057
0.81
0.81293
0.81135
0.81034
0.6564
0.81161
0.81
0.80979
0.81009
0.83293
0.80995
0.81007
0.80997
0.8098
0.81041
0.80996
0.80998
0.79897
0.80934
0.82744
0.79968
0.80894
1.8991
0.80977
0.81009
0.80994
0.81012
0.81005
0.81001
0.8134
0.80764
0.80188
0.8099
0.72662
0.80604
0.81007
0.81006
0.80993
0.66136
0.80997
0.80097
1.0701
0.81335
0.80367
0.80982
0.80975
0.81
0.80959
0.80975
0.81006
-0.24708
0.80879
0.81147
0.82002
0.80994
0.81191
0.80992
0.80974
0.81001
0.80959
0.80968
0.81919
0.81071
0.79851
0.80992
0.80958
0.80985
0.8103
0.81402
0.81061
0.80504
0.81002
0.80897
0.80994
0.81061
0.81009
0.81039
0.81083
0.80996
0.80836
0.80998
0.80291
0.80878
0.81165
0.81004
0.60542
0.80533
0.79089
0.80963
0.80924
0.81034
0.80997
0.81055
0.80729
0.80999
0.80788
0.81
0.80977
0.85597
0.81011
0.80994
0.50683
0.81392
0.81177
0.8101
1.1282
0.80947
0.82865
0.80997
0.80522
0.75033
0.82888
0.78877
0.81728
0.81765
0.7782
0.80986
0.80962
0.82981
0.8096
0.80573
0.81007
0.80641
0.80465
0.80978
0.81041
0.81006
0.80985
0.80975
0.80995
0.79809
0.81041
0.8087
0.81012
0.81014
0.81021
0.80923
0.81003
0.81118
0.81018
0.81019
0.815
0.81017
0.77769
0.81008
0.80819
0.81004
0.81037
0.80594
0.80994
0.8117
0.8101
0.81022
0.81027
0.80999
0.81222
0.81154
0.81007
0.8101
0.81794
0.77452
0.80954
0.81157
0.80763
0.81114
0.81747
0.81125
0.81036
0.81007
0.79206
0.77158
0.956
0.81032
0.80966
0.80992
0.80997
0.7798
0.80992
0.81002
0.78934
0.79493
0.81026
0.80802
0.80847
0.85695
0.81616
0.82588
0.81002
0.80991
0.80995
0.73464
0.80575
0.80995
0.81009
0.80691
0.80982
0.80995
0.80697
0.81023
0.81006
0.81004
0.80985
0.80968
0.80652
0.80957
0.81021
0.80777
0.81011
0.8098
0.80993
0.80906
0.81023
0.83224
0.81017
0.81027
0.80742
0.8098
0.74319
0.81045
0.81
0.8099
0.81028
0.81013
9.1219
0.81525
0.81011
0.80999
0.81038
0.81032
0.80998
0.62988
0.81
0.8111
0.81098
0.80961
0.80994
0.79893
0.80995
0.81001
0.81008
0.8243
0.81095
0.81023
0.80977
0.81128
0.78954
0.81018
0.81179
0.81394
0.80617
0.80998
0.80986
0.80998
0.80951
0.80954
0.81003
0.81026
0.80991
0.80987
0.80996
0.80948
0.80986
0.80745
0.81008
0.81038
0.81441
0.81012
0.81006
0.81062
0.80998
0.81
0.82684
0.81933
0.81342
0.81162
0.80977
0.81006
0.80976
0.81225
0.80971
0.81005
0.80982
0.80687
0.81015
0.84093
0.81004
0.80987
0.23597
0.8096
0.81027
0.81011
0.80563
0.8102
0.81158
0.80999
0.80986
0.80924
0.81975
0.80887
0.81076
0.80995
0.81214
0.80889
1.019
0.80985
0.81014
0.81039
0.80992
0.80983
0.80306
0.81035
0.84132
0.81314
0.80999
0.79033
0.81005
0.81032
0.81488
0.8179
0.81047
0.7975
0.81047
0.81104
0.80661
0.81351
0.81053
0.80999
0.80992
0.81012
0.81014
0.80999
0.81001
1.9063
0.80145
0.80995
1.3009
-0.88127
0.80963
0.82081
0.80924
0.80994
0.81014
0.81486
0.79794
0.80996
0.81056
0.80931
0.81002
0.80721
0.8036
0.80555
0.81011
0.8062
0.85984
0.80999
0.80992
0.80997
0.81065
0.81007
0.81001
0.97228
0.80969
1.1755
0.8085
0.81766
0.80441
0.81739
0.80881
0.81003
0.80825
0.81009
0.81055
0.80948
0.80988
0.80986
0.81679
0.81143
0.80981
0.2352
0.80995
0.80978
0.81071
0.81013
0.80982
-0.28382
0.80977
0.81021
0.80976
0.81013
0.81818
0.8099
0.81289
0.8104
0.78841
0.80953
0.81045
0.80701
0.81003
0.88394
0.81009
0.80899
0.80999
0.81764
0.80873
0.81078
0.80991
0.80964
0.8098
0.81013
0.81027
0.81032
0.8094
0.81008
0.80995
0.90481
0.81229
1.1184
0.80546
0.86907
0.80993
0.8101
0.81029
0.81029
0.81315
0.81847
0.80756
0.81128
0.82701
0.81002
0.8103
0.81027
0.80906
0.80999
0.80901
0.81695
0.81279
0.79931
0.80994
0.81278
0.8101
0.81123
0.62499
0.80981
0.80302
0.80993
0.80777
0.81143
0.81034
0.80981
0.81005
0.81011
0.80968
0.81022
0.81104
0.80978
0.8139
0.81001
0.81537
0.82159
0.80998
0.80988
0.80997
0.82714
0.80837
0.8409
0.81101
0.66139
0.8159
0.82308
0.80957
0.8101
0.80992
0.8097
0.80982
0.80997
0.80946
0.80301
0.80497
0.81001
0.81011
0.81917
0.80986
0.80393
0.81181
0.81064
0.81012
0.80992
0.8106
0.81045
0.8106
0.81015
0.81182
0.81031
0.81815
0.80921
0.80926
0.80898
0.80965
0.80949
0.81079
0.80988
0.81785
0.8099
0.80998
-3.1363
0.80998
0.81013
0.80961
0.80956
0.8094
0.80886
1.1916
0.81019
0.81018
0.81398
0.81825
0.80958
0.81006
0.80404
0.8107
0.81146
0.8099
0.81403
0.80582
0.80996
0.81267
0.81
0.81214
0.80559
0.81551
0.81013
0.80995
0.80729
0.80985
0.80971
0.80671
0.80996
0.81001
0.81032
0.80998
0.80998
0.81674
0.79199
0.80847
0.81011
0.81007
0.81
0.80998
0.80975
0.80925
0.81031
0.82429
0.8101
0.81011
0.81006
0.79078
0.8105
0.80977
0.81008
0.81033
0.80641
0.8102
0.8118
0.81049
0.80998
0.80558
0.80869
0.80955
0.81229
0.80998
0.8098
0.81278
0.80989
0.41383
0.8099
0.83932
0.81
0.80972
0.81719
0.81005
0.80998
0.80972
0.81644
0.40705
0.80626
0.7933
0.80927
0.80997
0.80983
0.80946
0.81022
0.80994
0.81027
0.81991
0.80992
0.81019
0.80804
0.81009
0.81005
0.81008
-0.47423
0.81008
0.8106
0.84316
0.81008
0.81358
0.80992
0.83105
0.80063
0.82373
0.80951
0.81005
0.80994
0.8009
0.81712
0.8099
0.81
0.80904
0.81014
0.81052
0.0051754
0.81062
-0.13437
0.93272
0.80733
0.81612
0.77962
0.80748
0.8103
0.80997
0.81005
0.8102
0.8104
0.81006
0.81027
0.80981
0.8062
0.83013
0.80997
0.80961
0.81441
0.80997
0.86965
0.80357
1.0403
0.81007
0.80996
0.80958
0.80991
2.1796
0.81003
0.8075
0.81008
0.8056
0.80992
0.81004
0.79781
0.80992
0.95782
0.81611
0.80991
0.81012
0.81095
0.81885
0.81005
0.81002
0.81374
0.80927
0.81014
0.80625
16.65
0.81011
0.80311
1.6352
0.81059
0.80868
0.81008
0.81905
0.80605
0.7478
0.81012
0.81029
0.89473
0.80928
0.80978
0.81006
0.81219
0.81016
10.481
0.80998
0.81381
-14.843
0.81018
0.8114
0.81492
0.80989
0.81174
0.84526
0.80982
0.80953
0.81855
0.96217
0.81013
0.8094
0.80999
0.76873
0.80994
0.81343
0.81021
0.81055
0.80989
0.80997
0.81028
0.80893
0.80781
0.81053
0.80995
0.80858
0.80745
0.80997
0.8419
0.8103
0.80984
0.81002
0.80431
0.81007
0.80992
0.81039
0.80979
0.80753
0.80997
0.81001
0.81722
0.80972
0.80991
0.80922
0.82717
0.80871
0.81008
0.81291
0.80976
0.83086
0.81045
0.8107
0.80998
0.79925
0.81022
0.81009
0.81012
0.8091
0.82824
0.81973
0.8144
0.81002
0.8095
0.80975
0.81109
0.80995
0.81488
0.81116
0.80424
0.80991
0.81252
0.8087
0.80981
0.80097
0.81005
0.8096
0.80772
0.81283
0.81361
0.80996
0.81068
0.80965
0.80988
0.81032
0.80021
0.80538
0.80982
0.8055
0.81046
0.81782
0.81113
0.80762
0.81008
0.81009
0.81487
0.81009
0.80521
0.82853
0.81183
0.80981
0.8101
0.80958
0.81467
0.8099
0.80967
0.92221
0.84523
0.80947
0.80979
0.81401
0.80981
0.81018
0.81077
0.81016
0.81009
0.80977
0.80836
0.80386
0.80939
0.81002
0.80847
0.81535
0.80172
0.80978
0.80995
0.80992
0.81204
0.80934
0.81985
0.80982
0.81507
0.80282
0.81088
0.80084
0.81014
0.80992
0.81031
0.81046
0.81001
0.80962
0.8067
0.80899
0.82062
0.80955
0.80978
0.80669
0.81257
0.81003
0.80991
0.81009
0.81001
0.81038
0.84242
0.81026
0.81027
0.81012
0.80812
0.81195
0.81009
0.81
0.81017
0.81493
0.81017
0.80998
0.81009
0.81807
0.81
0.80851
0.80459
0.81011
0.85324
0.81047
0.81039
0.80991
0.84658
1.0232
2.178
0.81439
0.80977
0.82923
0.81786
0.92235
0.80429
0.81009
0.81086
0.80997
0.8103
0.8099
0.81244
0.80995
0.81154
0.81652
0.81643
0.81278
0.81011
0.81001
0.80965
0.81005
0.80989
0.80941
0.81015
0.67075
0.81326
0.81054
0.8099
0.78429
0.80457
0.80974
0.8101
0.8101
0.86584
0.77344
0.81017
0.81043
0.81009
0.83296
0.81009
0.85309
0.80999
0.80982
0.80992
0.81386
0.80723
0.80993
0.80437
0.80993
0.80987
0.8081
0.72387
0.81007
0.81408
0.78304
0.80955
0.81013
0.81
0.80917
0.80979
-11.125
0.7476
0.64068
0.80989
0.7797
0.80203
0.81006
0.81021
0.80329
0.81028
0.81224
0.74113
0.80795
0.81003
0.8096
0.80987
0.81082
0.81086
-0.25629
0.81326
0.81469
0.73863
0.8069
0.7934
0.81
0.80995
0.81031
0.80958
0.80992
0.81007
0.84162
0.8019
0.80393
0.80989
0.52701
0.81042
0.81294
0.80305
0.80998
0.80412
-0.60208
0.93417
0.8097
0.80942
8.9657
0.81005
0.81017
0.82272
0.096354
0.81034
0.80998
0.81864
0.80993
0.81008
0.80573
0.81097
0.80985
0.80949
0.81072
0.80976
0.81227
0.81178
0.80963
0.8104
0.80486
0.80919
0.81001
0.80974
0.81243
0.81011
0.80999
0.80668
0.81059
1.0628
0.80246
0.81318
0.80386
0.81007
0.80892
0.81505
0.81003
0.81002
0.80556
0.80992
0.80022
0.81624
0.81002
0.81004
0.64558
0.80967
0.81061
0.81005
0.80997
0.81012
0.81007
0.80991
0.81145
0.84044
0.80936
0.80882
0.81003
0.8104
0.80993
0.81184
0.81164
0.81
0.81716
0.80964
0.80956
0.80987
0.81287
0.81388
0.80941
0.3962
0.81017
0.81009
0.81014
0.86066
1.1091
0.80203
0.81301
0.80987
0.81003
0.81001
0.81054
0.79969
0.81004
0.91173
0.81014
0.8099
0.81005
0.80709
0.79548
0.80999
0.82734
0.80442
0.80965
0.80993
0.79552
0.58528
0.8099
0.80952
0.80968
0.80487
0.81257
0.81014
0.82134
0.81389
0.80997
0.80985
0.81052
0.81013
1.6522
0.80993
0.80998
0.81009
0.80956
0.80752
0.80967
0.80823
0.80983
0.80718
0.81406
0.8099
0.80998
0.81009
0.81016
0.84902
0.80963
0.78912
0.80959
0.8098
0.80992
0.66952
0.80923
0.80986
0.81347
0.81065
0.81152
0.80973
0.89266
0.80909
0.80714
0.80996
0.81157
0.81
0.81025
0.81145
0.81002
0.80726
0.81006
0.81017
0.81087
0.81248
0.8099
0.84368
0.80909
0.71792
0.80964
0.81311
0.80177
0.81128
0.80979
0.80944
0.80986
0.81029
0.80994
0.81107
0.81643
0.8083
0.81016
0.80998
0.80658
0.81032
0.80857
0.8079
0.8099
1.0202
0.81334
0.81122
1.6935
0.80997
0.81027
0.98582
0.80975
0.80997
0.80907
0.80992
0.80954
0.81005
0.81282
0.81191
0.80954
0.81012
0.81007
0.80989
0.80859
0.78591
0.80785
0.81
0.81017
0.80997
0.8005
0.81017
0.80993
0.81009
0.81003
0.80888
0.80991
0.80968
0.9028
0.80973
0.80915
0.81344
0.8103
0.81009
0.80984
0.81785
0.81003
0.80995
0.81002
0.79414
0.80846
0.81218
0.80998
0.32744
0.80771
0.81002
0.81004
0.80996
0.81005
0.83854
0.81586
0.81061
0.80832
0.81154
0.80959
0.81025
0.81132
0.8108
0.80251
0.8038
0.811
0.80998
0.80997
0.66805
0.80995
0.85251
0.81467
0.80982
0.80895
0.80464
0.81012
0.81036
0.80983
0.8108
0.80893
0.8125
0.80942
0.80977
0.81201
0.80922
0.80969
0.81017
0.80992
0.82231
0.80993
0.8008
0.80997
0.80275
0.75628
0.80973
191.6
0.81003
0.80745
0.81004
0.81001
0.81534
0.81067
0.79739
0.81306
0.81007
0.8109
0.65821
0.80853
0.81011
0.92074
0.80979
0.81254
0.80954
0.80899
0.88397
0.80225
0.80875
0.81009
0.80105
0.80994
0.81007
0.81242
0.80996
0.80988
0.81003
0.81251
0.80998
0.80982
0.81033
0.80907
0.81007
0.83536
0.80999
0.7886
0.80536
0.80958
0.81555
0.80935
0.80999
0.81528
0.84028
0.81009
0.80634
0.77693
0.89613
0.80993
0.81095
0.78478
1.0362
0.81094
0.81061
0.81002
0.81014
0.81492
0.81015
0.80517
0.80816
0.80998
0.81588
0.80993
0.81001
0.80997
0.80914
0.77853
0.80527
0.80995
0.80986
0.84851
0.81002
0.62815
0.80991
0.8118
0.8101
0.82426
0.80992
0.80846
0.79803
0.81001
0.89079
0.81008
0.81134
0.80763
0.81224
0.81012
0.81054
0.81011
0.81123
0.80836
0.80987
0.81014
0.81267
0.81032
0.80967
0.80901
0.81057
0.80995
0.80994
0.84631
0.81393
0.81031
0.80996
0.80835
0.81002
0.80972
0.81002
0.80964
0.81067
0.80983
0.80997
0.80692
0.8099
-6.4241
0.81137
0.8099
0.81004
0.8101
0.81
0.75478
0.62507
0.81194
0.80976
1.0894
0.80985
0.80981
0.81
0.80993
0.76711
0.80955
0.57968
0.80995
0.80983
1.0305
0.81082
0.81004
0.81004
0.81005
0.80995
0.7796
0.82905
0.80997
0.82544
0.80995
0.81414
0.84042
-0.26423
0.81039
0.81019
0.80996
0.78591
0.81007
0.81008
0.8005
0.80758
0.81565
0.81009
0.81008
0.81028
0.80944
0.81011
0.81007
0.91903
0.81218
0.80997
0.81137
0.81033
1.7105
0.81091
0.80986
0.81214
0.80494
0.80959
0.81002
0.0069599
0.82537
0.81005
0.81551
0.80305
0.8092
0.80976
0.83976
0.81443
0.79827
0.83643
0.80967
0.80953
0.81022
0.81005
0.82849
0.81006
0.8099
0.80856
0.80987
0.81008
0.80995
0.80525
0.81098
0.8111
0.81004
0.80977
0.80999
0.81043
0.86712
0.80215
0.80994
0.8095
0.80975
0.81013
0.80993
0.81017
0.80944
0.81363
0.7975
0.8099
0.86198
0.81005
0.80996
0.80339
0.81004
0.80965
0.80417
0.80115
0.80573
0.81012
0.81069
0.80208
0.81007
0.80341
0.81047
0.80992
0.80981
0.81156
0.81041
0.81149
0.80971
0.81003
0.80994
0.80985
0.82844
0.81753
0.81007
0.81006
0.78042
0.81014
0.81362
0.80967
0.8085
0.81408
0.8272
0.81673
0.81008
0.81007
0.81008
0.81053
0.81258
0.81011
0.80986
0.80969
0.81
0.80957
0.80996
0.80687
0.80998
0.81192
0.82657
0.81065
0.80981
0.80977
0.81064
1.1113
0.80872
0.80993
0.81003
0.80965
0.80999
-0.28307
0.80996
0.81263
0.58555
0.80936
0.80875
0.81201
0.81083
0.80992
0.80995
0.80985
0.81055
0.81031
0.80995
0.81037
0.80991
0.80738
0.81106
0.8315
0.81005
0.81386
0.80996
0.81017
0.81215
0.81794
0.81028
0.79012
0.81323
0.83256
0.81212
0.80952
0.72088
0.79946
0.80909
0.81001
0.81255
0.81054
0.80984
0.80956
0.81
0.8059
0.80993
1.0632
0.79122
0.81108
0.80992
0.80936
0.80205
0.8098
0.81122
0.82036
0.8102
0.80998
0.80997
0.80996
0.77702
1.1162
0.809
0.81008
0.81014
0.80737
0.81
0.81098
0.80926
0.80298
0.78287
0.72615
0.81023
0.76495
0.80954
0.80965
0.80984
0.81147
0.80996
0.81006
0.78636
0.81001
0.81001
0.81009
0.80834
0.8102
0.80968
0.80997
0.76827
0.79486
0.8102
0.81014
0.80729
0.81009
0.76761
0.79243
0.81013
0.80989
0.80996
0.80991
0.81009
0.80996
0.8084
0.808
0.8199
0.81111
0.80984
0.81316
0.808
0.81013
0.80962
0.80448
0.81092
0.78218
0.80996
0.80982
0.81066
0.80841
0.80991
0.8102
0.80872
0.81004
0.80996
0.81017
0.80983
0.80998
0.74419
0.81016
0.81162
0.81159
0.79914
0.80994
0.81194
0.81006
0.81011
0.80994
0.80989
0.80989
1.0615
0.81038
0.95988
0.80952
0.80695
0.90012
0.80938
0.81824
0.80987
0.81322
0.8099
0.81
0.80994
0.80991
0.81111
0.88011
0.81043
0.80938
0.80996
0.81346
0.81258
0.81033
0.80989
0.81663
0.81347
0.80951
0.81089
0.80976
1.2952
0.81094
0.81018
0.8113
0.80127
0.81004
0.81121
0.80918
0.78705
0.80989
0.81049
0.81168
0.81004
0.80985
0.94685
0.80992
0.80929
0.80863
0.80989
0.80994
0.81301
0.80988
0.81044
0.80829
0.8094
0.80993
0.81039
0.81013
0.14925
0.80988
0.81347
0.81013
0.8203
0.82196
0.81038
0.81064
0.81358
0.80991
0.81036
0.86928
0.81007
0.81069
0.80198
0.8101
0.81031
0.81222
0.81002
1.1028
0.80979
1.0485
0.8087
0.82589
0.81153
0.81001
0.8178
0.80937
0.80991
0.81002
17.058
0.80995
0.81009
0.81004
0.81003
0.81753
0.81279
0.80988
0.81004
0.81506
0.81042
0.8098
0.80664
0.81031
0.80904
0.76591
0.80522
0.80994
0.81004
0.81002
0.8109
0.81399
0.81029
0.81406
0.82018
0.80837
0.80634
0.81057
0.8098
0.81003
4.0382
0.81
0.81824
0.81003
0.82665
0.80993
0.86327
0.81027
0.80846
0.81014
0.9681
0.80957
0.80977
0.81868
0.80992
0.80992
0.80994
0.80993
0.79147
0.80958
0.80995
0.80052
0.81012
0.81008
0.81017
0.81102
0.81009
0.81074
0.81181
0.8099
0.81014
0.82067
0.80702
0.81007
0.80996
0.80985
0.81274
0.81003
0.81026
0.80995
0.8099
0.79045
0.86842
0.79837
0.80995
0.80995
0.81065
0.81045
0.80943
0.80036
0.81069
0.81036
0.81
0.82426
0.80982
0.80982
0.26881
0.84811
0.81007
0.81382
0.82186
0.8019
0.80996
0.80983
0.80989
0.80981
0.8101
0.81023
0.80948
0.80995
0.81002
0.80994
0.81579
0.80026
0.81001
0.76405
0.81001
0.80798
0.81889
0.80979
0.81045
0.81004
0.80993
0.81379
0.44403
0.80675
0.81033
0.81977
0.81073
0.81304
0.81002
16.47
0.80493
0.81013
0.87132
0.84167
0.80389
0.80331
0.81014
0.81051
0.81004
0.79565
0.80995
0.81107
1.0227
0.81025
0.80984
0.80773
0.78088
2.1091
0.8105
0.81077
0.80083
0.80946
0.80993
0.80984
0.27476
0.81001
0.80991
0.81076
1.0403
0.80921
0.80996
0.80882
0.8101
0.82217
0.81033
0.80977
0.84653
0.80992
0.81057
0.79667
0.80506
0.81009
0.79699
0.80988
0.81372
0.80765
0.13723
0.81022
0.81002
-4.2165
0.83245
0.81775
0.81004
0.80031
0.81008
0.80965
0.81028
0.80997
0.81902
0.8099
35.3
0.81147
0.80802
0.80657
0.86597
0.81006
0.79883
0.8143
1.4052
0.89244
0.81005
0.81015
0.81002
0.80999
0.80735
0.81005
0.85365
0.81044
0.80298
0.81009
0.8101
0.9314
0.8097
0.80823
0.80927
0.80973
0.80692
0.89963
0.8094
0.80991
0.87836
0.81006
0.84435
0.80964
0.80493
0.18454
0.81012
0.80992
0.78013
0.80992
0.81005
0.80731
0.81053
0.81052
0.80874
0.81044
0.80994
0.80977
0.81473
0.81941
0.81028
0.80987
0.84427
1.3509
0.81002
0.80964
0.82663
0.80559
0.81284
0.81001
0.81002
0.81743
0.80979
0.80964
0.82599
0.80991
0.8076
0.81854
0.80861
0.81008
0.80993
0.80991
0.80955
0.8102
0.81532
0.80986
0.80981
0.80402
0.8086
0.81004
0.81027
0.81004
0.81001
0.78326
0.78812
0.82869
0.70012
0.82227
0.81
0.80949
0.8102
0.81175
0.81005
0.81007
0.8101
0.80978
0.81085
0.86966
0.80735
0.81009
0.80993
0.81063
0.80981
0.81017
0.81002
0.80943
0.79552
0.81061
0.80946
0.80449
0.81241
0.80965
0.81091
0.81206
0.81006
0.81315
0.80736
0.80592
0.81049
0.81303
0.81115
0.80294
0.81007
0.81002
0.81006
0.82062
0.81001
0.81039
0.80609
0.81006
0.81003
0.81002
0.80757
0.81346
0.81231
0.8179
0.80869
0.81
0.80983
0.80984
0.80996
1.0327
-0.055666
0.80983
0.80855
0.81017
0.8099
0.81004
0.80991
0.74768
0.82154
0.82486
0.80976
0.80981
0.80901
0.80989
0.81007
0.81065
0.81
0.81861
0.81299
0.81003
0.81737
0.81189
0.80992
0.81
0.81009
0.80998
0.79917
0.81002
0.80991
0.81007
0.8133
0.80884
1.0473
0.80894
0.8021
0.80919
0.80989
0.81022
0.81006
0.80975
0.80975
0.81227
0.81009
0.81073
0.81002
0.73776
0.80754
0.85004
0.81009
0.80979
0.80529
0.80995
0.81012
0.81
0.80959
0.80997
0.80689
0.78613
0.81008
0.80991
0.80948
0.7552
0.8096
0.79045
0.81881
0.80995
0.79975
0.81015
0.80996
0.8155
0.81099
0.81021
0.81001
0.8098
0.81008
0.81091
0.81014
0.81051
0.80993
0.83313
0.75864
0.80992
0.80675
0.7736
0.80978
0.77026
0.80811
0.81257
0.80504
0.81009
0.51183
0.8104
0.77961
0.80308
0.80991
0.81013
0.81006
0.81005
0.80917
0.81012
0.80987
0.81001
0.80825
0.81007
0.80968
0.80891
0.80995
0.812
0.80993
0.80539
0.81003
0.81005
0.8086
0.81085
0.8096
0.8098
0.80992
0.81049
0.81285
0.85306
0.81002
0.81024
0.80994
0.78901
0.81004
0.81006
0.75343
0.80502
0.80452
0.80927
0.80993
0.80994
0.81129
0.81028
1.0739
0.81253
0.81107
0.80971
0.81032
0.80974
0.81282
0.80776
0.80995
0.80806
0.80982
0.81686
0.81344
0.81035
0.81106
0.80995
0.87308
0.79642
0.81311
0.81084
0.81011
0.81031
0.80404
0.80247
0.8099
0.81022
0.82134
0.79946
0.80991
0.80475
-4.1851
0.80137
0.80705
0.80745
0.81009
0.80988
0.8101
0.80989
0.8102
0.80985
0.80985
0.80988
0.80997
0.81015
0.80185
0.81022
0.80939
0.81033
0.81099
0.80988
0.80985
0.80986
0.80989
0.81011
0.81004
0.8097
0.81099
0.80999
0.81619
0.80995
12.05
0.80922
0.80724
0.81005
0.81015
0.81059
0.81019
0.81011
0.81007
0.93304
0.80556
0.81007
0.81173
0.7547
0.80988
0.82674
0.80983
0.8082
0.82456
0.81271
0.8101
0.80992
0.80433
0.80998
0.80992
0.81032
0.80996
0.81019
0.80989
0.80995
0.81004
0.81404
0.81046
3.4469
0.81006
0.81014
0.81038
0.80691
0.81012
0.80963
0.7544
0.81063
0.81007
0.80986
0.81025
0.81278
0.81111
0.81039
0.80925
0.81054
0.81034
0.81235
0.80888
0.80998
0.81624
0.7999
0.80994
0.79928
0.80921
0.8102
-0.28666
0.81006
0.80998
0.80908
0.80112
0.81005
0.80654
0.80542
0.81001
0.80996
0.8104
0.81078
0.81013
0.81316
0.81002
0.81037
0.80095
0.8101
0.86839
0.8091
0.81012
0.80986
0.76811
0.79455
0.80765
0.81078
0.81093
0.81033
1.9027
0.80993
0.80955
0.81079
0.81042
0.80962
0.81603
0.8095
0.80991
0.81161
0.80988
0.80188
0.80091
0.81009
0.8102
0.80982
0.80939
0.81005
0.81008
0.81017
0.81009
0.79058
0.80997
0.82048
0.81011
0.81002
0.80672
0.799
0.81058
0.81003
0.82137
0.88548
0.80859
0.80993
0.76607
0.81987
0.8103
0.79426
0.81288
0.8102
0.80983
0.81475
0.80998
0.82809
0.81002
0.80788
0.8101
0.81077
0.80996
0.80978
0.81033
0.8077
0.81015
0.80979
0.80986
-0.0043575
0.80834
0.81011
0.80937
0.73725
0.82057
0.80996
0.81006
0.80803
0.81077
0.80998
0.812
0.80994
0.81016
0.80955
0.80989
0.81123
0.81494
0.80996
0.81003
0.64208
0.8097
0.81118
0.86062
0.81
0.81358
0.80987
0.80922
0.81247
0.80968
0.89407
0.81039
0.80988
0.80957
0.81018
0.81103
0.81148
0.80946
0.8104
0.81223
0.80979
0.80987
0.80993
0.81004
0.80962
0.80989
0.7935
0.85876
0.81
0.80993
0.8095
0.81533
0.8103
0.8099
0.79405
0.8101
0.81015
0.80993
0.80913
0.78497
0.81137
0.8099
0.81058
0.81004
0.81009
0.80086
15.428
0.80989
0.80691
0.81009
0.81
0.81024
0.80937
0.81082
0.82072
0.83899
0.80991
0.80996
0.81
0.81001
0.80815
0.81276
0.81027
0.80997
0.8102
0.81124
0.80964
0.80994
0.80683
0.81069
0.81002
0.80788
0.94608
0.80886
0.80986
0.81408
0.80994
0.80994
0.80994
0.77425
0.81213
0.80978
0.80768
0.80999
0.8101
0.80866
0.80989
0.80869
0.80991
0.81002
0.81029
0.80937
0.81282
0.79724
3.087
0.81029
0.80927
0.80992
0.9106
0.79862
0.80944
0.80218
0.81299
0.81001
0.81462
0.8103
0.8106
0.80952
0.8098
0.81575
0.81012
0.93282
0.82302
0.80867
0.80612
0.8097
0.80907
0.9424
-2.2917
0.80994
0.81002
0.81013
0.81009
0.80187
0.81006
0.81538
0.94134
0.81003
0.81306
0.81009
0.79714
0.81179
0.80967
0.80999
0.80987
0.80982
0.81008
0.81852
0.80997
0.81001
0.80419
0.81012
0.81114
0.83112
0.81009
0.80221
0.80313
0.80585
-3.7248
0.80886
0.79597
0.49597
0.81299
0.79056
0.8099
0.80971
1.9643
0.81002
0.81021
0.81281
0.80951
0.80986
0.80983
0.81013
0.80988
0.80995
0.80994
0.8102
0.81055
0.80986
0.81005
0.80304
0.80995
0.81016
0.81047
0.80497
0.81044
0.80941
0.81516
0.80888
1.136
0.81082
0.8092
0.80731
0.76963
0.81006
0.80995
0.8098
0.8102
0.80978
0.814
0.80886
0.80993
0.81117
0.8101
0.81188
0.81014
0.81008
0.8096
0.80967
0.81074
0.80995
0.81014
0.80988
0.8101
0.99749
0.8096
0.81019
0.80987
0.69612
0.81061
0.81009
0.47134
0.80689
0.81002
0.8101
0.83531
0.8098
0.81002
0.79871
0.81047
0.80969
0.81181
0.79696
0.7943
0.8109
0.81089
0.81591
0.79502
0.80871
0.84568
0.81019
0.81012
0.81016
0.81025
0.82064
0.81
0.84018
0.80986
0.81006
0.80988
0.80999
0.80531
0.80731
0.81062
0.83951
0.81213
0.80962
0.8101
0.80994
0.81023
3.5548
0.81003
0.40258
0.81002
1.357
0.81048
0.82093
0.80532
0.8093
0.80998
0.80996
0.80979
0.80998
0.80961
0.80659
0.81018
0.80986
0.80926
0.81005
0.81102
0.82841
0.81225
0.80999
0.80997
0.80834
0.81006
0.81641
0.81459
0.80369
0.80996
0.80986
0.80967
0.8101
0.80744
0.80981
0.80933
0.81362
0.80984
0.80993
0.80752
0.79497
0.80994
0.80122
0.81999
0.80921
0.80965
0.80977
0.81016
0.80998
0.80969
0.81174
0.81027
0.81006
0.80999
0.80988
0.81201
0.80597
0.81056
0.73663
1.0749
0.80997
0.48412
0.81043
0.80992
0.81011
0.81261
0.80867
0.80894
0.81021
0.81007
0.81016
0.80991
0.79607
0.80898
0.81069
0.81006
0.81211
0.81007
0.81002
0.81341
0.81022
0.78263
0.80912
0.80976
17.171
0.8101
0.80995
0.80953
1.4276
-1.1195
0.82093
0.80979
0.81369
0.80995
0.80965
0.81012
0.80987
0.80766
0.81016
0.80576
0.80849
0.82475
0.80996
0.8217
0.81013
0.81004
0.81026
0.82434
0.80889
0.81002
0.8094
1.7999
0.88873
0.80992
0.8097
0.74415
0.80842
0.80845
0.80967
0.7923
0.65538
0.80808
0.81017
0.809
0.78211
0.81044
0.81256
0.85896
0.80976
0.81002
0.8102
0.81001
0.8101
0.79767
0.80947
0.80997
0.81
0.80648
0.80263
0.8099
0.80982
0.80989
0.81008
0.80966
0.81007
0.93163
0.81381
0.81019
0.8124
0.80648
0.80376
0.80985
0.81061
0.80966
0.81575
0.81287
0.81004
0.81009
0.80257
0.81003
-3.9973
0.81006
0.81
0.84388
0.80849
0.80905
0.80935
0.81083
0.81597
0.8098
0.90075
0.81026
0.73456
0.89843
0.80986
0.80991
0.80952
0.79607
0.80998
0.79764
0.81016
0.80998
0.81043
0.83884
0.80943
0.81025
0.71408
0.80475
0.80995
0.81756
0.82339
0.81001
0.80996
0.80985
0.81921
0.81239
0.81912
1175.2
0.8099
0.81337
0.81012
0.80992
1.014
0.80981
0.75593
-0.15132
0.6972
0.81222
0.48077
0.81054
0.72283
0.80997
0.81069
0.81942
0.8006
0.81101
0.81464
0.80979
0.80923
-311.33
0.81604
0.83329
0.80746
-28.632
0.80977
0.81119
0.80987
0.80995
0.8095
0.80929
0.81036
0.8101
0.81459
0.81075
0.81425
0.81486
0.87713
0.80707
0.81396
0.81012
0.80411
0.8114
0.80992
0.80176
0.80982
0.81391
0.81012
0.80996
0.81008
0.80998
0.80778
0.81197
0.80717
0.80666
0.83891
0.80901
0.8148
0.81008
0.81
0.81588
0.81
0.81022
0.81034
0.8101
0.81013
0.80198
0.80992
0.8079
0.80949
0.81005
0.76732
0.80939
0.80953
0.81343
0.79931
0.81512
0.76076
0.81007
0.80995
0.85004
0.79988
0.80953
0.80992
0.73276
0.80952
0.80936
0.81016
0.81011
0.82249
0.81058
0.83263
0.81136
0.80956
0.81379
0.81414
0.8101
0.8104
0.81002
0.81374
0.8098
0.80997
0.81021
0.81001
0.80977
0.81091
0.81659
0.80914
0.8101
0.81007
0.81588
0.80993
0.80945
0.81007
0.81502
0.81002
0.81002
0.80966
0.80956
0.81001
0.81006
0.81005
0.81
0.84639
0.80961
0.80991
0.81004
0.81043
0.80992
0.8098
0.80674
0.79873
0.8154
0.92836
0.81085
0.80985
0.80428
0.82887
0.80643
0.80962
0.80998
0.81023
0.80967
0.81021
0.81006
0.8101
0.80993
0.8099
0.81024
0.8099
0.81693
0.81031
0.81013
0.66803
0.81036
0.8117
0.81146
0.81003
0.76827
0.80949
0.81023
0.81003
0.81991
0.81046
0.80992
0.8033
0.79909
0.81
0.81011
0.80883
0.81564
0.81093
0.50293
0.80652
0.80956
0.80666
0.80852
0.83938
0.82571
0.94655
0.80398
0.8099
0.81031
0.80978
0.81967
0.81029
0.80983
0.81322
0.8049
0.81088
0.81113
0.87494
0.8093
0.80962
0.81008
0.81631
0.81007
0.80994
0.80936
0.80631
0.80984
0.80984
0.80975
0.81001
0.80979
0.81048
0.80991
0.81025
0.67148
0.81213
0.82922
0.80999
0.80898
0.80939
0.80872
0.8098
0.83777
0.81005
0.80514
0.80993
0.80433
0.81031
0.80995
0.7719
0.8099
0.80646
0.80655
0.77993
0.68874
0.81003
0.8101
0.81279
0.77078
0.80891
0.80981
0.8101
0.7601
0.80773
0.81595
0.81004
0.80965
0.80999
0.80912
0.81346
1.0035
0.81016
0.81265
0.81766
0.80996
0.81004
0.81005
0.80986
0.80981
0.80963
0.81001
0.80995
1.6284
0.63818
0.81011
0.80395
0.837
0.81042
0.81004
0.80997
0.81024
0.80567
0.80385
0.8099
0.81016
0.80063
0.81
0.8122
0.809
0.81143
0.38779
0.81012
0.8823
0.87728
0.80356
0.80978
0.82043
0.83088
0.80101
0.80995
0.81009
0.81123
0.81114
0.81008
0.80984
0.81201
0.80973
0.81006
0.86663
0.81035
0.80992
0.81025
0.80827
0.80799
0.80957
0.80994
0.81003
0.80353
0.81024
0.81018
0.80995
0.81168
0.81008
0.80998
0.81002
0.80907
0.80979
0.81014
0.80904
0.8096
0.81884
0.803
0.80962
0.83174
0.81159
0.80591
0.79201
0.80783
0.80967
0.80979
0.8059
0.80984
0.80945
0.81016
1.0789
0.80192
0.81226
0.80719
0.81015
0.80911
0.81077
0.79225
0.81387
0.81003
0.83038
0.81078
0.81016
0.80998
0.80859
0.80965
0.80817
0.81002
0.8101
0.86162
0.81467
0.80992
0.80994
0.81322
0.76532
0.80727
0.82093
0.81077
0.80889
0.81071
0.81003
0.78952
0.81178
0.84031
0.81012
0.80983
0.85497
0.8108
0.80988
0.80536
0.83473
0.81027
0.81015
0.80875
0.81385
0.81849
0.86579
0.81062
0.80993
0.81009
0.80876
0.81043
0.8092
0.81044
0.81371
0.5151
0.76725
0.80992
0.80852
0.80988
0.81031
0.81011
0.8101
0.80892
0.80984
0.80986
0.80957
0.78924
0.80993
0.80918
0.80933
0.80687
0.81143
0.92617
0.82574
0.8103
0.80998
0.80984
0.80958
0.80993
0.81008
0.81008
0.81022
0.80992
0.80907
0.81009
0.81001
0.81054
0.81567
0.81017
0.80988
0.81108
0.80994
0.8096
0.7936
0.80975
0.81047
0.80828
0.80999
0.81012
0.80998
0.82032
0.7997
0.80965
0.8133
0.80977
0.81035
0.81433
0.81001
0.79581
0.80998
0.81037
0.8103
0.81046
0.81155
0.81008
0.80961
0.81024
0.80995
0.81599
0.77161
0.81011
0.81008
0.61462
0.81013
0.81007
0.8116
0.80977
0.80923
0.18677
0.80685
0.80995
0.81001
0.81006
0.80627
0.81019
0.81097
0.81128
0.82297
0.8582
0.80966
0.80745
0.8098
0.80926
0.66634
0.81126
1.3023
0.81004
-16.677
0.80937
0.80994
0.81093
0.81014
0.48885
0.80106
0.81047
0.81
0.80998
0.81004
0.80892
0.81004
0.81017
0.80536
0.80856
0.79417
0.81025
0.81353
0.66633
0.7955
0.81218
0.80982
0.38924
0.81185
0.80997
0.81007
0.82608
0.8308
0.81006
0.8091
0.81168
0.81009
0.81001
0.8102
0.80973
0.80899
0.80959
0.79635
0.81048
0.82059
0.79887
0.80936
0.81016
0.8101
0.81214
0.8103
0.80736
0.81002
0.82943
0.8101
0.82546
0.8099
0.81107
0.81007
0.80851
0.80954
0.81015
0.76476
0.80999
0.80991
0.8099
0.78827
0.80876
0.8217
0.80688
0.81218
0.81428
0.81011
0.81006
0.80991
0.80227
0.80833
0.79551
0.81436
0.81031
-32.549
0.80898
0.81005
0.23357
0.80996
0.8112
0.80995
0.8896
0.77554
0.81918
0.80126
0.80986
0.81037
0.81023
0.80974
0.81091
0.81048
-2.0294
0.71219
0.80995
0.80991
0.80742
0.78225
0.81015
0.81005
0.81098
0.80438
0.80968
0.80845
0.81004
0.80924
0.81017
0.79708
0.80997
0.81024
0.80245
0.81096
0.80989
0.8097
0.80996
0.808
0.81016
0.81007
0.8114
0.80995
0.80975
0.81021
0.80998
0.8101
0.80831
0.80554
0.82472
0.81276
0.77653
0.80999
0.80529
0.81001
0.80686
0.80976
0.81002
0.80986
0.80994
0.81029
0.81014
0.81009
0.81015
0.80923
0.80942
-6.3999
0.73276
0.8038
0.80995
0.827
0.82285
0.80621
0.81022
0.79793
0.80997
0.81022
0.80873
-2.4371
0.80994
0.81168
0.80882
0.80996
0.80993
0.80418
0.81205
0.80912
0.80853
0.80955
0.812
0.80935
0.8099
0.81013
0.81373
0.80924
0.81107
0.80995
0.80993
0.80959
0.81369
0.81492
0.81002
0.81
0.8088
0.81002
0.81249
0.8098
0.81008
0.80988
0.81
0.79709
0.89221
0.76417
0.81043
0.80678
0.62428
0.81603
0.81
0.80965
0.81025
0.8042
0.80183
0.80991
0.81116
0.81588
0.81008
0.81003
0.81472
0.81275
0.81028
0.81031
0.80929
0.8148
0.78886
0.80993
0.80935
0.80932
0.81133
0.81083
0.80997
0.81007
0.80996
0.81004
0.81035
0.80939
0.80826
0.81009
0.81003
1.016
0.81007
0.79697
0.81325
0.80437
0.80992
0.83057
0.80701
0.79395
0.80957
0.81
0.80979
0.81101
0.80988
0.82459
0.80992
0.81698
0.80974
0.80942
0.80839
0.80974
0.78977
0.80865
0.81001
0.8102
0.82848
0.80983
0.81002
0.80635
0.80995
0.80995
0.6314
0.80991
0.81695
0.81074
0.80843
0.80967
0.81119
0.82881
0.82997
0.80983
0.81007
0.8101
0.80995
0.80994
0.80953
0.96501
0.81012
0.82252
0.81021
0.81027
0.80961
0.80996
0.81086
0.8101
0.81165
0.81008
0.81228
0.80864
0.63784
0.80792
0.81028
0.80875
-937.7
0.81002
0.80922
0.8099
0.80975
0.79639
0.81077
0.8034
0.81008
0.80928
0.81201
0.80976
0.80991
0.80716
0.81224
0.86233
0.81248
0.80995
0.80785
0.81115
0.82048
0.80958
0.95079
0.80984
0.80997
0.75632
0.81002
0.80955
0.80971
0.81012
0.81008
0.80983
0.80998
0.80927
0.81021
0.80986
0.8108
0.80991
0.81284
0.80997
0.80903
0.81433
0.81025
0.79703
0.81652
0.81038
0.81035
0.81012
0.81068
0.81017
0.81004
0.8105
0.81838
0.79267
0.80975
0.80926
0.81288
0.81003
0.80971
0.81228
0.8102
0.81803
0.81091
0.80982
0.80201
0.82631
0.80995
0.81006
0.81163
0.81091
0.81031
0.81083
0.81003
0.81367
0.81008
0.81926
0.81141
0.80961
-0.067291
0.80982
0.81016
0.81191
0.81013
0.80979
0.81194
0.80967
0.80937
0.80925
0.81251
0.81001
0.80856
0.81002
0.80934
0.8089
0.81465
0.80479
0.81004
0.81015
0.82345
0.80934
0.81177
0.80995
0.81021
0.81384
0.67718
0.77373
0.80192
0.69727
0.81007
0.81
0.8105
0.79678
0.78708
0.81
0.81007
0.81005
0.80985
0.80452
0.80991
0.8103
0.81056
0.80187
0.81036
0.81002
0.81014
0.81994
0.79266
0.80997
0.80852
0.80845
0.80997
0.81086
0.80991
0.80971
0.81673
0.82659
0.80963
0.81056
0.69727
1.1618
0.80708
0.81008
0.80959
0.86087
0.80996
0.80917
0.80922
0.80962
0.80999
0.80981
0.81036
0.79832
0.85699
0.81098
0.81018
0.81233
0.81004
0.80988
0.80992
0.80405
0.82359
0.83018
0.80997
0.80863
0.8094
0.76325
0.81005
0.81003
0.35687
0.81021
0.80926
0.80998
0.81023
-0.11186
0.80999
0.8118
0.81443
0.81029
0.80989
0.81009
0.80047
0.81626
0.80965
0.81
0.80997
0.74808
0.80214
0.80874
0.81045
0.8105
0.81051
0.81013
0.8118
0.81027
0.78573
0.80994
1.016
0.8132
0.80906
0.80967
0.81006
0.80946
0.80662
0.81014
0.80777
0.83101
0.80981
0.81002
0.8012
0.81004
0.90844
0.81016
0.80791
0.80981
0.81012
0.80991
0.80273
0.81005
0.79261
0.80893
0.81049
0.81275
0.81014
0.8101
0.80988
0.80981
0.80136
0.81854
0.81252
0.81015
0.82183
0.80983
0.69902
0.81036
0.81174
0.81038
0.81005
0.80853
0.81396
0.81065
0.80842
0.80986
0.8058
0.80996
0.81012
0.80786
0.81027
0.82416
0.80692
0.80989
0.80224
0.80774
0.81033
0.783
0.80997
0.80792
0.80988
0.80592
0.81016
0.81005
0.80948
0.8099
0.80963
0.95133
0.81554
0.82815
0.80994
0.80529
0.80819
0.81009
0.81001
0.85615
0.68745
0.80701
0.81006
0.81038
1.0576
0.80998
0.8101
0.81
0.81
0.80943
0.80821
0.81044
0.80993
0.80998
0.80986
0.80987
0.81048
0.80995
0.80914
0.81036
0.80994
0.81604
0.80973
0.79992
0.80402
0.80837
0.81052
0.81068
0.81062
0.80172
0.80981
0.81014
0.81016
0.80978
0.81005
0.81525
0.80986
0.80992
0.80986
0.8276
0.80696
0.81847
0.8019
0.81002
0.80994
0.81217
0.8101
0.81222
0.81254
0.82993
0.79229
0.80988
0.81723
0.80878
0.81008
0.80974
0.81001
0.81029
0.91285
0.81219
0.80438
0.81004
0.80827
0.80989
0.56639
0.80991
0.82257
0.81322
0.80997
0.81206
0.81546
0.80876
0.80961
0.82161
0.81017
0.80994
0.80849
0.81068
0.8048
0.80992
0.81403
0.81169
4.5627
0.80933
0.81008
0.81094
0.79403
0.80786
0.80997
0.81027
0.83988
0.81028
0.81004
0.80648
0.8096
0.90913
0.80989
0.81012
0.8246
0.87491
0.81004
0.81039
0.32239
0.81521
0.80421
1.0011
0.80285
0.81019
0.81044
0.80995
0.81786
0.81182
0.80857
0.80119
0.8115
0.81031
0.8093
0.87882
0.80966
0.81007
0.80198
0.81004
0.80873
0.80554
0.80694
0.81003
0.80987
0.81043
0.80868
0.80502
0.90908
0.78046
0.81137
0.80997
0.81037
0.81021
0.81007
0.80992
0.81035
0.80992
0.69056
0.81027
0.81689
0.81009
0.8067
0.81001
0.80815
0.80976
0.81006
0.80989
0.81001
0.8099
0.80875
0.80947
0.87206
0.79608
0.81062
0.8098
0.80817
0.80104
0.81033
0.81024
0.81001
0.82376
0.80713
0.81008
0.81013
0.80566
0.79791
0.80918
0.81069
0.78388
0.81003
0.80951
0.81027
0.80986
0.81001
0.905
0.81043
0.80984
0.80131
0.81023
0.81042
0.91999
0.8098
0.83745
0.80887
0.8101
0.74483
0.81005
0.81009
0.80963
0.74985
0.81702
0.80941
0.81
0.80961
0.81573
0.81052
-4.4923
0.80991
0.80832
0.81001
0.8102
-0.47854
0.81914
0.80788
0.80465
0.81001
0.81006
0.80978
0.80936
0.73209
0.81024
0.8241
0.81011
0.80988
0.80942
0.80794
0.80603
0.80987
0.8151
-14.012
0.81036
0.81004
0.80989
0.81012
0.81017
0.80993
0.80999
0.81098
0.80989
0.81007
0.81066
0.81002
0.81003
0.81278
0.81067
0.81172
0.81161
0.80991
0.81002
0.81005
0.8101
0.80987
0.8095
0.81
0.80969
0.80996
0.81008
0.80822
0.80236
0.80993
0.81008
0.81053
0.82217
0.81002
0.81312
0.80947
0.79985
0.78649
0.80877
0.82485
0.81012
0.81003
0.81017
0.8099
0.8093
0.68344
0.81379
0.82094
0.81304
0.75654
0.81001
0.8284
0.80018
0.80979
0.81104
0.81008
0.81013
0.81005
0.81009
0.80989
0.76925
0.81175
0.80792
0.80986
0.80993
0.8103
0.80987
0.80984
0.80988
0.80971
0.81005
0.80768
0.80959
0.82781
0.81039
0.86725
0.80993
0.78669
0.81003
0.80999
0.80985
0.80993
0.8101
0.80878
0.81007
0.78699
0.8099
0.80962
0.80491
0.82921
0.80961
0.82096
0.79139
0.80992
0.83981
0.80978
0.80718
0.8367
0.81001
0.8018
0.8095
0.81082
0.81006
0.821
0.80962
0.80988
0.81078
0.82179
0.81315
0.80991
0.81216
0.80921
0.81011
0.81016
0.81015
0.80837
0.80995
0.81028
0.80992
0.80904
0.8098
0.80963
0.80992
0.81012
0.79747
0.81015
0.80987
0.80973
0.81476
0.81013
0.81704
0.82443
0.81066
0.81915
0.81055
0.81007
0.80997
0.80959
0.81156
0.81013
0.81291
0.8154
0.80993
0.80882
0.8071
0.80758
0.81005
0.81112
0.78944
0.80951
0.81009
0.81056
0.81007
0.81179
0.81019
0.81026
0.80866
0.81058
0.79866
0.81005
0.81229
0.8085
0.81
0.81043
0.80921
0.88921
0.81028
0.81007
0.81078
0.80892
0.80011
0.81017
0.81621
0.7671
0.80996
0.80994
0.90758
0.81636
0.81006
0.81009
0.80978
0.81271
0.81002
0.78708
0.80444
0.80994
0.80997
0.80302
0.79413
0.81003
0.81004
0.80858
0.80611
0.79786
0.81025
0.8238
0.81391
0.80916
0.80999
0.79827
0.78531
0.81014
0.41993
0.8098
0.80328
0.78914
0.81012
0.81015
0.80998
0.59303
0.80985
0.82776
0.80771
0.80799
1.106
0.80917
0.8101
0.81014
0.8071
0.81011
0.80861
0.81
1.0751
0.8082
1.2356
0.81013
0.80936
0.81751
0.81005
0.82091
0.81006
0.81
0.81014
0.80829
0.80982
0.80652
0.81015
0.80956
0.81435
0.81015
0.8114
0.81045
0.80995
0.8081
0.80969
0.76382
0.80977
0.81029
0.80832
0.80991
0.49345
0.80992
0.81007
0.80996
0.80715
0.77831
0.7883
0.80949
0.81004
0.81257
0.81023
0.80875
0.8103
0.80995
0.81021
0.80816
0.80988
0.8584
0.8106
0.81047
0.81005
0.81007
0.81012
0.81677
0.80993
0.85603
0.81008
0.80998
0.82531
0.81016
0.80866
0.80762
0.80866
0.81045
0.80991
0.81112
0.58283
0.83004
0.80862
0.81003
0.81335
0.80417
0.8098
0.81008
0.81043
0.81012
0.80691
0.82019
0.81015
0.81002
0.80995
0.81049
0.80983
0.80986
0.75061
0.81005
0.80979
0.83087
0.81034
0.80517
0.80917
0.80999
0.81019
0.81124
0.80899
0.73386
0.81004
0.94377
0.80973
0.81147
0.80991
0.8095
0.80999
0.76523
0.80982
0.80988
0.80983
0.88672
0.81021
0.80945
0.81036
0.80995
0.80997
0.81012
0.81001
0.80996
0.81025
0.81013
0.80846
0.80948
0.80993
-194.17
0.80893
0.13696
0.80996
0.80745
0.81006
0.80917
0.80265
0.81223
0.81006
0.80987
0.81346
0.80984
0.81358
0.83783
0.80988
0.81009
0.8101
0.81179
0.78706
0.81789
0.8936
0.8099
0.8091
0.78814
0.81416
0.81003
0.79624
0.81289
0.81024
0.80982
0.81122
0.82035
0.79002
0.81005
0.81952
0.70848
-4.8824
0.80998
10.6
0.81041
0.80956
0.80995
0.8191
0.81337
0.8102
0.81009
0.8019
0.82563
0.78884
0.8099
0.80991
0.81002
0.79072
0.80988
0.81277
0.80909
0.72603
0.80957
0.82352
0.79768
0.80912
0.81021
0.81079
0.80985
0.80518
0.80972
0.80996
0.80867
0.80996
0.8085
0.81001
0.80909
0.80999
0.82916
0.80825
0.81107
0.81012
0.80775
0.8101
0.80995
0.81005
0.86596
0.89984
0.80992
0.80994
0.8099
0.80915
0.81008
0.80808
0.80971
0.81048
0.80974
0.80977
0.78452
0.81022
0.80742
0.80471
0.80995
0.81009
0.80995
0.80795
0.81014
0.80981
0.80951
0.81004
0.80983
0.81002
0.81021
0.80999
0.80984
0.82295
0.81004
0.79679
0.78317
0.81629
0.81256
0.81171
0.80765
0.81894
0.81188
0.81536
0.81001
0.7973
0.80983
0.80994
0.81011
0.81004
0.81026
0.80896
0.812
0.80926
0.81004
0.81005
0.81006
0.80965
0.81073
0.81399
-1.3684
0.80964
0.80589
0.81004
0.80988
0.80713
0.80997
0.81007
0.80991
0.80861
0.81037
0.81015
0.80919
0.79455
0.81506
0.80995
0.81237
0.81295
0.81005
0.81033
0.81009
0.43222
0.85142
0.81037
0.81437
0.80992
0.81543
1.5752
0.81061
0.80999
0.81005
0.80843
0.81558
0.80805
0.80996
0.81065
0.8103
0.8099
0.8099
0.80999
0.80995
0.80989
0.80871
0.80825
0.80944
0.80997
0.80944
0.81011
0.65152
0.80771
0.80395
0.81018
0.81054
0.81003
0.80773
0.80957
0.73734
0.27435
0.78818
0.81076
0.81007
0.80998
0.80851
0.81009
0.8106
0.83029
0.80999
0.81011
0.81094
0.81003
0.8102
0.80684
0.78848
0.80283
0.79478
0.81041
0.81006
0.80503
0.81219
0.81002
0.91362
0.80988
0.80994
0.81006
0.81
0.80996
0.80793
0.8093
0.8101
0.80978
0.81261
0.91355
0.81066
0.80991
0.8101
0.76352
0.81003
0.80862
0.80881
0.79693
0.80986
0.80452
0.81108
0.80987
0.81169
0.80996
0.81007
0.81076
0.80991
0.80983
0.80993
0.75859
0.80993
0.83262
0.85341
0.81045
0.80993
0.80634
0.80993
0.81093
0.79771
0.80988
0.80907
0.81007
0.77829
0.80993
0.81073
0.85605
0.81015
0.80582
0.80874
0.80238
0.80766
0.81001
0.81161
0.81006
1.5404
0.81009
0.81001
0.81071
0.90648
0.80985
0.81013
0.83532
0.80951
0.7161
0.81029
0.80987
0.81088
0.82465
0.81015
0.80954
0.81004
0.80992
0.81009
0.7956
0.81002
0.80986
0.80954
0.81005
0.80999
0.80343
0.81411
0.81007
0.81017
0.80989
0.81082
0.80972
1.0509
0.80965
0.81035
0.80899
0.80993
0.81003
0.80946
0.80977
0.7563
0.80869
0.81013
0.81026
0.81083
0.80993
0.69266
0.81008
0.76029
0.80998
0.81
0.81245
0.81026
3.0096
0.80972
0.81026
0.80835
0.81024
0.8226
0.80997
0.81366
0.81007
0.81029
0.79083
0.80977
0.80578
0.8099
0.81006
0.79715
0.8099
0.80984
0.80674
0.81009
0.81
0.80868
0.8075
0.81023
0.81028
0.81007
0.82031
0.81039
0.81084
0.81007
0.80995
0.80957
0.81307
0.81621
0.80997
0.80995
0.81057
0.81171
0.81008
0.80993
0.76686
0.80992
0.81336
0.81665
0.81314
0.79143
0.81006
0.80959
0.81028
0.80413
0.81033
0.80653
0.8099
0.80953
0.81007
0.81163
0.80748
0.80605
0.81034
0.81033
0.81116
0.79568
0.81866
0.8104
0.80994
0.80999
0.81003
0.8096
0.8119
0.81039
0.81008
-1956.8
0.81006
0.81001
0.80761
97.527
0.7846
0.81004
0.80891
0.81014
0.81006
0.81249
-0.91596
0.81024
0.80984
0.81414
0.81031
0.81011
0.81196
0.7531
0.81115
0.81006
0.81
0.80998
0.80872
0.81319
0.80799
0.80273
0.81009
0.81035
0.81081
0.81012
0.81012
0.8101
0.81006
0.80919
0.79754
0.81006
0.80995
0.81011
0.81027
0.80983
0.80994
0.80705
0.80969
0.81035
0.80825
0.83952
0.75085
0.85175
0.1812
0.80417
0.94036
0.81011
0.80986
0.80991
0.81068
0.81078
0.80996
0.79247
0.80901
0.81
0.80169
0.67345
0.18184
0.81086
0.81022
0.81638
7.7645
0.91946
0.79377
0.80791
0.80881
0.81011
0.8012
0.81051
0.80946
0.76185
0.81019
0.8099
0.81044
0.81036
0.80974
0.80988
0.80007
0.81194
0.80438
0.80995
0.81036
0.81689
0.81008
0.80965
0.80077
0.80974
0.80973
0.80049
0.80994
0.80928
0.812
0.80996
0.81311
0.81078
0.80987
0.8102
0.81205
0.81097
0.80995
0.80948
-2.9618
0.81031
0.80981
0.80991
0.81013
0.95211
0.80983
0.80984
0.81003
0.81076
0.81006
0.80987
0.81051
0.8109
0.81399
0.81003
0.81323
0.80939
0.80131
0.80383
0.80988
0.7638
0.78632
0.84073
0.81012
0.80968
0.81281
0.74093
0.80887
0.80995
0.73312
-110.76
0.80997
0.80996
0.80998
0.82154
0.81005
0.8101
0.80781
1.1062
0.81003
0.81013
0.81007
0.8102
0.81456
0.86053
0.81424
0.81015
0.81843
0.81015
0.81609
0.80942
0.81003
0.82434
0.77693
0.80996
0.80994
0.80993
0.80998
0.80294
0.8101
0.80998
0.81002
0.80986
0.81126
0.81008
0.77496
0.81782
0.82272
0.78219
0.79016
0.81
0.80961
0.80988
0.80965
0.80983
0.80985
0.80994
0.83532
0.80986
0.79613
0.80998
0.81021
0.81019
0.80951
0.80945
1.1804
0.81014
0.79959
0.81087
0.80957
0.81583
0.88221
0.80996
0.80994
0.80204
0.80534
0.80986
0.80997
0.80937
0.80802
0.81006
0.81006
0.81133
0.81006
0.7678
0.8098
0.80909
0.81015
0.81058
0.80258
0.81
0.80998
0.80432
0.80999
0.81019
0.80197
0.80768
0.81012
0.81033
0.8108
0.8082
0.81117
0.82205
0.81004
0.81008
0.80994
0.80994
0.80471
0.81047
0.80989
0.81381
0.80988
0.81
0.81
2.426
0.8106
0.80579
0.81014
0.75453
0.81004
0.81039
0.80937
0.84894
0.81003
0.79862
0.80999
0.80624
0.81046
0.7328
0.75108
0.80982
0.81023
0.80744
0.81021
0.81381
0.81044
0.81033
0.80993
0.81001
0.81686
0.81001
0.81005
0.81222
0.8066
0.80574
0.81001
0.80921
0.8105
0.80373
0.81
0.80996
0.81007
0.80208
0.80996
0.81001
1.4439
0.81089
0.89432
0.81014
0.81009
0.81096
0.81056
0.85736
0.81068
0.81001
0.81012
0.80978
0.80967
0.79335
0.87051
0.80973
0.81005
0.80259
0.81075
0.81004
0.81004
0.80998
0.81193
0.81206
0.81008
0.80993
0.80993
0.81004
0.81553
0.81005
0.8109
0.81015
0.80978
0.80989
0.76996
0.80926
0.8108
0.81465
0.81004
0.80968
0.80793
0.84367
0.81098
0.81016
0.81535
0.80957
0.80996
0.80952
0.81221
0.81019
0.80841
0.81013
0.81007
0.80889
0.79811
0.81012
0.81032
0.80996
0.80945
0.81008
0.80996
0.81009
0.80999
0.80987
0.80965
0.80985
0.80998
0.81117
0.81057
0.77974
0.80529
0.80998
0.80988
0.81008
0.82125
0.80997
0.81498
0.81038
0.8065
0.80991
0.80998
0.80692
0.81011
0.81059
0.79902
0.8119
0.81573
0.81012
0.81443
0.81006
0.81287
0.80993
0.80983
0.8099
0.99101
0.80978
0.81073
0.80827
0.80152
0.80989
0.81027
0.8126
0.82102
0.81448
0.81226
0.80994
0.81009
0.80992
0.80664
0.39982
0.81039
0.81004
0.78607
0.81023
0.81013
0.81658
0.81241
0.74513
0.80395
0.80857
0.6418
0.80969
0.81009
0.81048
0.79973
0.80949
0.81725
0.80985
1.2613
0.75688
0.8101
0.80997
0.81218
0.79362
0.80823
0.81212
0.80995
0.81577
0.81006
0.81049
0.80726
0.80906
0.80874
0.8066
0.82593
0.81004
0.82721
0.71639
0.8101
0.8057
0.82329
0.81006
0.81063
0.80905
0.81008
0.81024
0.8101
0.81173
0.81088
0.80137
0.80971
0.81105
0.81006
0.80986
0.81007
0.80993
0.83837
0.81026
0.80992
0.81568
0.80992
0.81201
0.82674
0.80994
0.81
1.5677
0.80906
0.81006
0.80495
0.81017
0.80797
0.81013
0.81006
0.81407
0.81393
0.80679
0.81015
0.81007
0.81028
0.56428
0.81015
0.81176
0.81012
0.80994
0.81309
0.76379
0.81013
0.80471
0.81015
0.8079
0.74208
0.81013
0.81061
0.8099
0.81005
0.80991
0.81065
0.80782
0.81006
0.8452
0.80998
0.81952
0.8051
0.81005
0.81014
0.81012
0.26327
0.8068
0.81013
0.80887
0.81377
0.81005
0.80946
0.81871
0.81779
0.81066
0.80988
0.81009
0.80926
0.81006
0.81028
0.80877
0.81016
0.80877
0.80968
0.81001
0.81356
0.81005
0.81464
0.82253
0.85899
0.80189
0.81026
0.80976
0.81004
0.80995
0.8101
0.80739
0.81
0.7925
0.81024
0.81012
0.80474
0.80981
0.80978
0.80924
0.80951
0.80878
0.80783
0.80992
-0.34564
0.81005
0.81021
0.8037
0.796
0.81012
0.80999
0.8101
0.80982
2.9065
0.81001
0.80659
0.80952
0.81171
0.80997
0.81027
0.80974
0.80935
0.81003
0.8154
0.81055
0.80993
0.8109
0.80626
0.81024
0.8057
0.76842
0.80928
0.81012
0.80955
0.81215
0.81082
0.81005
0.80704
0.81123
0.78833
0.80992
0.81005
0.8092
0.81034
0.80968
0.80903
0.80943
0.80763
0.80751
0.81012
0.80901
0.81148
0.79347
0.81651
0.80999
0.78215
0.80988
0.8116
0.81012
0.80991
0.80986
0.81023
0.80585
0.81017
0.80985
0.81005
0.81025
0.81001
0.82154
0.82957
0.80995
0.91352
0.8101
0.8107
0.83498
0.8101
0.81663
0.80997
0.80998
0.80842
0.80824
0.81006
0.96823
0.81007
0.80136
0.80992
0.81007
0.80914
0.35965
0.803
0.78386
0.80838
0.80997
0.80725
0.80988
0.81066
0.80988
0.81273
0.81021
0.80999
0.80975
0.80998
0.81061
0.81004
-28.557
0.80895
2.6877
0.80969
0.80955
0.81002
0.80987
0.82619
0.80994
0.81042
0.80999
0.81027
0.808
0.80984
0.80929
0.81013
0.81008
0.81014
0.80998
0.80762
0.81482
0.86038
0.81099
0.81756
0.85955
0.99865
3.4399
0.80972
0.80146
0.81041
0.80933
0.81009
0.80953
0.81421
0.80999
0.79251
0.80989
0.8098
0.80976
0.80798
0.81051
0.80998
0.81483
0.80917
0.81028
0.80997
0.81003
0.80992
0.80965
0.81379
0.81011
0.81005
0.8124
0.80975
0.81299
0.7941
0.80261
0.80994
0.81
0.81011
0.81042
0.83475
0.81016
0.81061
0.80999
0.81014
0.80991
0.80998
0.62351
0.81
0.8096
0.80987
0.79539
0.80987
0.81016
0.80983
0.80601
0.80996
0.81069
0.80449
0.78818
0.80997
0.80994
0.80993
0.81003
0.83656
0.81097
-26.253
-0.064418
0.8101
0.81006
0.80995
0.81
-1.6075
0.80992
0.81065
0.80995
2.657
0.81058
0.81022
0.81089
0.81011
0.80865
0.8098
0.80996
0.78967
0.80823
0.80335
0.81005
0.81002
0.80999
0.80873
0.80998
0.81052
0.80995
0.81161
0.80799
0.83383
0.82268
0.80753
0.86368
0.81
0.80992
0.81015
0.81043
0.89687
0.81007
0.81248
0.80682
0.80995
0.81067
0.81514
0.81885
0.80938
0.80982
0.80343
0.81078
0.81014
0.8101
0.80973
0.80985
0.81064
0.81032
0.81012
0.81003
0.96433
0.8102
-2.4746
0.80992
0.81438
0.8097
0.81016
0.65022
0.81024
0.81008
0.81002
0.80911
0.81063
0.81001
0.81054
0.81001
0.80992
0.81626
0.84803
0.81001
0.80984
0.8101
0.82155
0.80754
0.80748
0.81254
0.80997
0.80993
0.79712
0.81006
0.80636
0.81233
0.80984
0.8863
0.81011
0.80999
0.80002
0.80993
0.80978
0.81398
0.81
0.80596
0.81009
0.77571
0.80964
0.80856
0.82339
0.80995
0.80985
0.80994
0.80007
0.80991
1.8094
0.81052
0.81005
0.81432
0.80969
0.80787
0.80967
0.81012
0.85116
0.81008
0.80965
0.81048
0.81001
0.8094
1.0537
0.80502
0.6599
0.80922
0.81026
0.80819
0.81006
0.78655
0.999
0.81006
0.8101
0.80394
0.80975
0.8196
0.81004
0.79869
0.81007
0.81011
0.8073
0.81002
0.81
0.81054
0.68778
0.81
0.81004
0.804
1.2165
0.80985
0.80737
0.81761
0.80711
0.80548
0.81146
0.8357
0.80981
0.80499
0.80988
0.80986
0.81039
0.81041
0.8099
0.81216
0.8098
0.8211
0.81008
0.81082
0.82466
0.77231
0.80928
0.80756
0.81004
0.80993
0.81006
0.81016
0.80977
0.81026
0.81122
0.81
0.83703
0.80172
0.72035
0.8168
0.81123
0.81031
0.80998
0.80995
0.80863
0.77132
0.81005
0.81522
0.81231
0.80898
0.8097
0.80883
0.81007
0.81006
0.81015
0.85519
0.81264
0.80241
0.81041
0.80989
0.81004
0.80997
0.81034
0.82121
0.8079
0.81069
0.80967
0.79984
0.81014
0.80937
0.8166
0.8125
0.87646
0.80724
0.8095
0.84544
0.81004
0.80941
0.80978
0.73616
0.80763
0.80482
0.80708
0.80437
0.81008
0.81824
2.4399
0.80852
0.80998
0.80997
0.80994
3.2766
0.80987
0.81007
0.81011
0.81033
0.81052
0.79846
5.5995
0.80988
0.81029
0.79915
0.79957
0.83554
1.0496
0.81236
0.80994
0.81022
0.81006
0.82348
0.8096
0.72519
0.8101
0.8101
0.81008
0.74933
0.81003
0.81682
0.80108
0.82433
0.80975
0.80917
0.79552
0.80934
0.8099
0.81011
0.81062
0.81221
0.8321
0.80999
0.81009
0.81004
0.81082
0.80541
0.81009
0.8099
0.79658
0.81193
0.73946
0.78293
0.81009
0.81001
0.80999
0.86985
0.80984
0.80524
0.82412
0.82179
0.75652
0.80988
0.8102
0.78196
0.8103
0.80715
0.81381
0.80996
0.80989
0.80999
0.80998
0.81009
0.81011
0.80996
1.5129
0.41292
0.82995
0.80958
0.81042
0.79955
0.81182
0.80968
0.92211
0.80922
0.81198
0.80999
0.8115
0.7514
0.81023
0.80996
1.6192
0.81005
0.79991
0.80996
0.78511
0.80968
0.81025
0.81025
0.81141
0.80804
0.80991
0.80602
0.81083
0.80994
0.8099
0.81177
0.74902
0.83992
0.90331
0.80518
0.82884
0.80984
0.8098
0.80962
0.81003
0.81015
0.81073
0.80977
0.81039
0.80974
0.80855
0.81003
0.80991
0.76052
0.81165
0.81043
0.76974
0.81004
0.81
0.80999
0.81008
0.80946
0.81002
0.80985
0.88716
0.81003
0.8097
0.80864
3.1574
0.81339
0.8089
0.81134
0.81212
0.81767
0.80997
0.78389
0.79997
0.8122
0.79573
0.82999
0.82703
0.80991
0.80586
0.8171
0.8097
0.80742
0.81004
0.81608
0.81008
0.81305
0.80874
0.81
0.81068
0.81005
0.80484
0.80992
0.86651
0.81347
0.80995
0.81079
0.23838
0.81013
0.8098
0.80996
0.81009
0.80794
-0.57024
0.81388
0.80935
0.80987
0.8178
0.80484
0.80999
0.8099
0.8101
0.80963
0.77998
0.81012
0.81022
0.81
0.81006
0.81038
0.8092
0.81031
0.80929
0.80864
0.81122
0.81014
0.80531
0.82459
0.80738
0.81007
0.81005
0.8099
0.80569
0.80959
0.8103
0.80998
0.89031
0.80493
0.80986
0.81004
0.80941
0.81008
0.81004
0.80873
0.83599
0.81001
0.80514
0.81088
0.80995
0.80999
0.81459
0.81492
0.81228
0.80159
0.82105
0.81868
0.8099
0.80979
0.81215
0.81004
0.84236
0.81016
0.80999
0.80629
0.80929
0.80928
0.80982
0.80961
0.84144
0.81026
0.80898
0.80566
0.81031
0.81452
0.80651
0.77978
0.80996
0.90325
0.80995
0.78456
0.85704
0.81046
0.81011
0.82522
0.80995
0.8109
0.80992
0.81005
0.80936
0.80944
0.80938
0.80746
0.81005
0.80953
0.80997
0.8099
0.80976
0.81009
0.80998
0.81021
0.80976
0.80451
0.80082
0.80825
0.81011
0.79485
0.81032
0.81026
0.81005
0.81021
0.81001
0.80949
0.80993
0.82307
0.81048
0.92526
0.81004
0.79572
0.81008
0.81017
0.81011
0.80686
0.80992
0.81125
0.81016
0.81016
0.80771
0.81043
-2.3601
0.81043
0.80997
0.81003
-0.62638
0.81003
0.80983
0.80628
0.84468
0.81007
0.80947
0.80967
0.81101
0.81012
0.81509
0.80868
0.80991
0.80791
0.81789
0.81338
0.80973
0.81005
0.79137
0.82423
0.87202
0.80757
1.0465
0.81217
0.81571
0.82397
0.80499
0.8278
0.73278
0.80999
0.80997
0.81037
0.81047
0.80996
0.80965
0.80998
0.8094
0.91979
0.81619
0.81001
0.81015
0.80978
1.4601
0.81025
0.81013
0.80988
0.81017
0.80985
0.80393
0.80991
0.8101
0.8095
0.8177
0.80503
0.80994
0.81001
0.80958
0.81174
0.79755
0.80667
0.81038
0.82091
0.82161
0.81008
0.81255
0.87082
0.81218
0.81068
0.81031
0.80842
0.7762
0.81021
1.4431
0.80995
0.80853
0.030857
0.80799
0.79599
0.81257
0.81037
3.7147
0.80997
0.81
0.81011
0.82211
0.80974
0.80973
-0.36902
0.80968
0.81017
0.81028
0.80903
0.81004
0.81
0.81166
0.81141
0.82301
0.81003
0.81656
0.80974
0.81006
0.80994
0.81076
0.81007
0.80925
0.81034
0.81012
0.8328
0.81005
0.81527
0.81023
0.81001
0.81012
0.81141
0.81016
0.8099
0.81032
0.78516
0.8102
0.80927
0.78328
0.80865
0.80955
0.80883
0.80953
0.8101
0.81003
0.81
0.80994
0.8545
0.81249
0.81044
0.80587
0.8064
1475.7
0.80846
0.81554
0.79594
0.80946
0.80992
0.80991
0.80871
0.81065
0.50073
0.78172
0.80984
0.81113
0.81001
0.81205
0.80994
0.81026
0.80958
0.83297
0.8077
0.81006
0.82035
0.80935
0.82804
0.81065
0.8101
0.80986
0.81772
0.80985
0.95309
0.81546
0.80999
0.81128
0.81131
0.81252
1.0088
0.80995
0.81447
0.81014
0.81018
1.9642
0.8099
0.81193
0.81
0.8028
0.80685
0.80989
0.83741
0.81007
0.81006
0.81024
0.82976
0.81027
0.80992
0.81
0.80989
0.84365
0.80964
0.81014
0.81042
0.80164
0.79515
0.80518
0.80997
