-5.7017
-4.4293
-4.6078
-7.9409
-4.7089
-6.0524
-3.9698
-1.4549
-5.035
-5.687
2.0853
-7.1737
-6.105
-3.2325
-0.82825
-2.8666
55.879
-4.912
-3.159
-6.7715
-7.9506
-6.1822
-7.642
-1.9344
-4.2963
-4.3945
-3.486
-7.3328
-8.5677
-6.2078
-4.6161
-5.4609
-4.6029
-5.5646
-9.8194
48.247
-48.307
-5.858
-6.1274
-5.5795
-6.8106
-6.7839
-4.3197
-35.893
-6.3276
-0.20879
-7.4572
10.505
-8.2077
-7.961
-5.5565
-12.372
-7.0181
-5.5508
-14.552
-8.3641
-6.1016
-8.1951
3.7487
-3.9872
-7.3896
-5.3679
1.7562
-7.5303
-6.7237
-7.7885
-9.4161
-35.718
-8.9575
-3.2146
-20.731
3.8427
-9.3313
-9.0956
-4.7016
5.7805
-4.9759
-5.7539
-6.4261
-162.32
2635.2
-4.6826
-2.8453
-4.5089
-5.0386
-10.947
-15.12
-3.0185
-9.6901
1.5798
-16.321
-7.4516
-6.3866
-6.7278
-5.5927
-5.9515
-6.2407
-5.3564
-38.618
-5.6594
-4.9261
5.562
-16.832
-6.9208
-5.2205
4.0208
-2.0298
-4.0857
-4.4014
-8.4774
-1.1755
-2.7513
-2.4166
-5.2263
8.902
-5.8541
-1.9279
-1.216
-5.3334
-5.3758
-1.5573
-23.707
-5.1152
-14.14
-6.8604
8.4077
-6.9182
-9.1883
-5.0256
-9.2973
26.397
-5.1899
-5.2431
-8.9593
-2.6102
-4.1777
-7.3285
-6.5991
-6.1592
-13.987
-4.7021
8.8407
11.827
0.79326
-4.6457
-4.9331
-3.5045
-0.67865
-5.1099
-8.8518
-4.0636
-96.31
-8.7393
-5.6632
-4.7017
-3.8986
0.059823
-4.8174
-6.2321
-7.6755
-5.1241
-5.6027
-3.4684
-33.522
-12.413
-8.5858
-3.9648
-11.739
-7.2484
-5.2621
-1.136
-6.9856
-5.5303
-17.389
-6.4501
13.696
-14.91
-4.7129
-3.691
-6.293
-5.4817
-32.992
-4.183
-5.4643
-2.5531
-6.1494
-2.7887
-4.1901
3.0373
-3.6387
-1.283
-6.3498
-6.5914
-3.0435
-8.598
-5.2804
-6.6345
-4.8152
-0.58055
-5.8738
-8.9095
-8.2813
2726
-5.2152
-3.7046
-6.8969
-4.1629
-4.2269
-4.3908
-4.3427
-7.1415
5.8344
-5.4505
-4.8213
-5.5738
-6.4803
-7.3844
-2.7542
-4.5067
20.326
3.4644
-4.0333
-11.165
-7.5062
-7.0415
-3.7029
-5.4256
-27.854
-9.8984
-8.6701
-5.6823
-6.3497
-3.2529
39.246
-31.03
-6.2598
-7.693
-5.3161
-4.8645
-7.8043
-1.0228
-7.7121
-1.6915
-9.2782
10.414
-6.3838
-2.189
-7.9785
-5.2393
9.9464
-1.0454
63.004
-1.9033
-5.2357
-7.2349
-5.6065
-8.2333
-7.0568
-11.641
-8.6566
-8.9238
24.004
-2.8923
-6.1997
-4.0522
-7.4716
-5.4177
-9.7111
-5.9356
-8.4093
-8.8536
-6.1667
-3.6861
-5.9692
-9.0334
-6.7619
-4.2249
-1.351
-41.013
-10.995
-5.3706
-5.0966
-4.892
-6.6266
-3.6297
-1.1051
-7.1451
-7.7256
-7.0188
29.493
-5.4883
-6.8758
-5.4116
-10.037
-5.8075
1.5308
-1.5245
-8.8912
-6.6733
-20.599
-5.8254
-5.4906
-4.0694
-7.8046
-5.624
-4.5301
-5.7093
-7.1833
5.3905
-3.0493
-2.801
-1423
-3.9974
-8.9518
-12.961
-4.31
-5.0397
-3.3837
-4.1212
-10.915
2.3731
-6.1373
-21.594
-2.908
288.45
0.11789
-5.0794
-2.0252
-10.908
-2.5215
-6.9812
-4.5749
-5.1503
-5.1515
-10.278
6.8745
-3.451
-5.3133
15.454
-7.0569
-61.012
-5.4951
-3.3774
-7.2134
-3.6654
-27.865
-7.1441
-0.3587
3.6993
-8.5967
-4.1506
-19.139
-6.1154
-6.0017
-7.6389
-12.215
-7.2977
-3.8906
-5.4413
-5.1452
-6.0296
13.785
6.0619
-7.3831
-5.7348
-3.433
-3.3931
-8.9689
-9.3149
-4.1058
-3.1985
-5.393
-7.7964
-4.8164
-10.617
4.0357
-6.0183
-7.3791
-6.2663
-2.9942
-6.7697
-10.146
-9.1862
-1.7244
-8.8838
-6.372
-3.8842
-10.436
-4.732
-2.6573
-6.3055
-4.4632
-5.7355
-3.7141
-8.201
-4.9997
-4.556
14.069
-6.8762
-7.0778
-18.454
-5.7927
-0.56882
-4.6856
-9.2937
-3.4589
-11.463
-28.224
-12.499
-8.1916
-6.0625
-1.7475
-10.991
-2.9263
-10.736
-4.7458
-7.5347
-5.8273
-6.6415
-6.9752
-6.1935
-8.7881
-3.7946
-7.7876
-5.2904
-8.6788
-6.9869
-10.17
-10.89
-8.3527
-6.9347
-9.0871
-11.528
-6.2951
-4.1571
-4.2294
-4.6026
-3.8006
-6.7657
-5.5072
-4.725
-3.6289
-6.9181
-5.6051
-4.3589
-11.716
-9.3718
-5.5868
-5.9691
12.317
-4.1961
4.0015
-8.0569
-27.089
-7.0502
-3.7525
-8.7175
-18.288
-3.0781
-6.026
-8.1099
-13.203
-2.6848
-1.797
-3.5666
-2.8354
-2.8683
-2.0386
7.8255
-5.2286
5.5136
-1.1688
-11.283
-5.2257
-12.26
-7.483
-5.3045
-3.5046
-5.6005
-7.8392
-4.8119
6.2844
16.571
-5.8043
-6.2445
-6.2343
-4.2669
-5.7232
-4.7032
-6.721
-10.687
-6.1961
14.729
-13.686
-4.2204
-7.8376
55.35
-2.6737
-2.2343
-7.4368
-3.6012
-4.1049
-5.7482
-2.7518
11.378
-4.3627
-2.4235
-8.4004
-3.096
-14.086
-4.5418
-5.136
-2.4909
-7.8508
-5.0545
-2.7416
-9.4088
-2.2016
-2.9663
-6.65
-8.9732
-2.2963
-3.9756
-7.5308
-4.9614
-120.52
-6.2903
-5.6719
-2.3518
-27.804
-4.626
-3.6871
1.9522
-3.4601
-9.9
-6.0332
-53.597
-5.7534
-5.8588
-7.9049
-6.0879
-13.324
-2.1407
-10.112
-4.0956
-2.7079
-6.8045
-15.052
-7.2187
-5.9933
-3.9004
-5.1714
-6.523
-6.8568
-3.4218
-19.907
-4.417
-6.3127
-0.89132
-6.16
-5.2578
-5.1067
-1.9576
-5.844
1.9358
-6.2381
-9.809
-6.6511
-5.6872
7.4
-5.0723
14.158
-5.2528
-34.684
-5.1786
-5.8107
-6.2745
-6.3737
-2.8728
-6.6212
-7.7116
-3.789
-5.1724
-7.0019
-6.7733
-5.6466
-4.3525
-0.87354
-4.7823
-4.0138
-8.3452
-1.2379
-5.4786
-4.8282
-6.9474
-3.1261
1.6456
-6.1743
-4.1122
-6.9298
19.246
-4.4907
-6.6047
-5.1763
-0.84787
-7.3345
-9.8517
-5.9915
-5.7526
-6.1119
-2.0469
-11.249
-3.5506
-5.3741
5.9349
-6.4254
-3.1807
-12.158
-4.6457
3.5003
-6.6214
1.3632
-8.6521
-7.2054
-6.7144
-0.89629
-11.238
-7.9905
-2.252
-5.3233
-4.3832
-8.2941
-4.64
-11.624
-11.507
-3.1337
0.85957
-3.9313
-7.4988
-2.0067
-6.1062
-6.0511
-2.897
-5.4635
-6.4298
-5.3889
-6.016
-7.1125
-7.9817
-14.399
-6.0836
-7.5395
4.5376
-9.0064
-2.3602
-9.1317
-1.8941
-5.9317
-7.0817
-5.0723
-5.8281
-10.985
-9.9737
5.0384
5.0203
-11.252
-7.6304
-4.5831
-2.8274
-7.9057
-5.4359
-5.7442
-9.0269
-6.4938
-22.073
-4.3984
-3.289
-337.05
-6.2251
-2.8826
-6.808
-9.756
1.2146
-6.4838
-2.5599
-4.2909
-4.2684
7.0215
-8.6995
-8.0901
75.173
-11.65
-10.301
-0.97995
-14.471
-1.4424
-0.64964
-7.0194
-8.0882
-7.6711
-8.5135
-9.4007
-7.0836
-3.2856
-3.1167
-2.0311
-11.556
-12.041
-4.6793
-6.3489
-8.7243
-6.0515
-78.552
-11.644
-7.3899
-4.8201
-1.2234
-4.1382
3.8657
-7.0341
-0.16822
-3.8894
-6.7594
-6.1476
-3.7814
5.068
-5.1499
-8.7347
-3.3067
-7.939
-5.1542
-6.0411
-5.7268
-3.9232
-2.1801
6.0267
-7.9708
-7.2419
-1.4909
-6.3274
-6.1441
-4.7357
-5.2062
-5.5479
-3.6339
-27.472
40.953
-6.8355
79.493
-8.0428
-3.3221
3019.4
0.11117
-4.9497
3.8273
-0.99897
-3.4007
-10.923
5.9349
-1.5031
-2.4591
-32.418
-4.0518
-4.362
-8.518
13.861
-7.6374
-32.261
-3.6133
-3.87
-2.8124
-5.279
-3.5911
-3.7128
-6.3559
-9.8418
8.055
-18.336
-3.0877
-6.0055
-3.6225
-7.4455
-8.5881
-5.5713
-7.2327
-7.5882
-3.6308
-14.251
-5.9882
-30.826
-8.9846
-13.018
-4.1211
-7.1139
-4.058
-0.087779
-7.157
5.1674
-3.9354
-4.8645
-6.4554
-7.0715
-2.6027
-0.35302
-5.2576
-5.4903
-3.694
-7.9012
-6.9983
-3.7389
-7.1937
-6.0434
-7.0925
0.16244
-8.6931
-4.761
-24.273
-5.8798
-11.762
-9.8373
2.6978
-9.5193
-8.6332
-5.1512
7.6501
-3.4515
30.59
-5.6105
-62.004
-2.4398
2.9688
-7.5723
0.53204
-9.3453
-5.693
-6.1058
-7.8591
-3.9722
-2.3762
-6.4777
-3.6233
-5.8875
-6.6705
19.417
-12.5
-5.8001
25.789
-3.3292
-3.7924
-7.0434
-6.6458
-4.6694
-16.572
-35.133
-3.45
-4.7396
-4.3645
2.9972
-8.1728
-7.4943
-79.132
15.633
-6.0436
-5.5897
-7.2917
-5.708
-8.382
-7.6148
-4.7818
-5.5443
-7.8853
15.472
-4.7
-6.3741
-6.382
-28.386
-3.0232
-10.384
-5.0982
-5.1071
-5.7826
-11.716
-3.738
-3.0927
-9.5181
-5.0768
-8.2801
-4.3305
-6.3231
-6.0608
-3.1309
-7.8714
-3.8916
-4.0732
-3.3094
14.592
2.3205
-4.068
-2.9445
-9.35
-5.0776
-3.7129
-4.2156
-6.6613
-5.3399
-1.2348
-7.5658
-8.3661
-4.7034
-4.1769
-4.9438
15.692
-10.342
-6.4368
-7.4874
-5.0483
-4.4361
-7.5752
0.16563
-3.897
20.458
-4.5386
-4.5608
-7.2483
-5.7985
-9.168
-33.955
90.701
-6.4602
-3.367
-7.6893
-7.3612
-960.48
-3.0534
-5.529
-6.9297
-7.3579
-4.6049
-3.6265
-7.1436
-4.834
-7.1953
-4.5633
-4.9303
-4.849
-8.5787
-4.3354
-5.3831
-8.6762
-6.1464
-8.7498
-3.8342
-7.9218
-4.3357
-4.2838
-8.1033
-12.199
-12.452
-4450.7
-5.592
-28.604
-2.5173
-7.2748
-2.2475
1.3459
-60.387
-5.0286
-7.2263
-5.2019
-20.962
-6.9582
-6.1801
-6.4289
-2.7431
-2.5181
-12.796
-9.6571
0.75816
-7.7685
-6.8174
-6.701
-6.2795
-4.4469
-3.2491
5.2384
0.77961
-15.154
-9.2738
2.245
-6.9655
-2.9759
-6.9546
-5.1774
-1.6627
-5.2387
5.6017
-6.1632
-44.142
-4.5073
-13.298
-3.1141
-4.9394
-3.8477
6.6615
-4.911
-6.8939
-7.9242
-6.2261
-11.363
-13.794
-5.4313
-5.3386
-7.8071
-5.4361
-7.5635
-16.739
-6.296
-12.68
0.34446
-3.7875
-2.6818
-9.3757
-1.9277
-6.7933
-3.683
10.024
-9.6429
-7.3731
-4.0814
-7.2824
-5.2064
-6.3964
-4.3876
-5.4777
-4.9537
11.122
-4.7585
-6.0192
-2.6649
-4.4896
-9.9514
-8.7109
-5.1841
-6.465
-23.369
-45.937
-7.0546
-8.3998
-4.461
-5.0989
-3.1957
-3.2696
-8.3784
-5.6497
-1.8035
-13.055
-5.9469
1.4483
10.135
-4.9599
-2.7921
-547.53
-11.959
-3.6421
-8.4146
-4.5456
21.042
-4.631
-5.5694
-21.967
-0.61963
6.1723
-5.8171
-7.0357
-2.9256
4.0196
464.29
-7.6421
-7.432
-2.907
-3.9058
-4.6827
-9.1529
5.7808
-16.983
-1.6307
-2.7243
-2.4202
-12.977
-26.169
-1.9763
-4.9291
-2.8012
-1.9993
-4.2486
-8.9803
9.4003
-0.51473
-9.2468
-4.2967
-11.213
-11.604
-1.8716
-5.7681
-5.0745
-8.446
-6.3953
-3.6047
-2.4406
-6.7421
-6.9788
-7.0621
-6.0159
-7.7399
-4.4967
-7.8837
-7.6563
-1.9757
-8.434
-5.3086
-5.7215
-14.742
-2.5206
0.76898
-8.0947
-10.838
-3.7188
-3.9431
-4.3799
-8.9837
-9.2468
-3.6065
-4.8414
1.0569
-7.4266
-3.982
-3.4616
-4.714
-10.671
-5.5299
-4.8697
-24.817
-4.6349
-7.2445
-3.157
-4295.8
-7.1918
-2.8133
-2.4464
2.7147
-4.1562
-5.2678
-7.3985
-10.9
41106
-4.3965
-8.1846
-5.1927
-9.5568
-2.064
-10.133
-7.8603
-4.7651
-6.8507
-7.678
-5.3092
-5.889
-4.6274
0.97855
-6.8197
-5.4805
-7.6115
-2.5989
-4.7383
-2.92
-38.416
-7.5079
-6.6622
-4.148
-6.5539
-41.322
-12.207
-5.1849
-6.0265
-1.4992
-0.2315
-7.3346
-5.5774
4.939
4.6636
-3.1649
-6.1423
-3.1141
-7.7423
-9.975
-126.31
-6.9176
-3.6287
-10.787
-13.338
-9.3249
-4.976
-5.7021
65.729
-14.096
16.776
-0.19173
-19.43
-6.6136
-5.23
-2.4203
-7.4174
-2.4887
-4.431
-7.5936
-5.5926
-6.3293
-34.141
-4.6145
-8.9234
-7.7677
-5.19
-2.0133
-4.3975
-4.2948
86.935
-6.7645
-7.5793
-3.6236
-8.8466
-2.0539
2.9742
-5.2425
-1.2714
-5.7051
-3.547
-6.9101
-9.0503
-2.3208
-7.2555
-12.279
-6.8768
3.5146
-0.80239
-22.299
-4.5651
-6.8314
0.71147
-46.845
-5.5177
17.011
-5.5354
-5.7976
-36.818
-2.9606
-10.046
-4.4734
-6.2565
-7.8603
1.2558
-4.7942
-5.5023
-3.7697
-5.3254
-4.1172
-6.9608
-21.235
-5.5117
-8.0661
-9.3525
-5.1108
-5.2082
-3.8089
-9.0791
-7.7934
-2.634
0.50273
-1.718
-10.229
-7.7215
-4.7533
-4.2798
-1.9918
-16.079
-11.231
-4.2131
-4.2375
-1.631
-16.582
-8.3432
-6.5495
-8.8742
-6.2987
-0.84159
10.097
-7.7103
-6.9803
-3.1849
-9.7018
-1.5112
-5.9753
-5.3701
-5.7741
-5.0306
5.6205
-7.6799
-4.1306
-4.9197
-8.7961
-6.111
-5.7102
-4.9018
-5.0784
-3.1315
-9.5879
-6.6484
-6.7329
-7.8221
-5.8575
2.2035
-4.8364
-7.2623
-6.6249
-3.9787
-1.6827
-4.7236
-5.6426
-5.3979
-4.9888
-0.074866
-4.9512
-11.763
-7.5446
-6.7691
-6.6001
-3.9029
-7.3102
-10.352
-4.3611
-4.6735
-2.7502
-2.6276
-8.8369
4.9229
-5.7943
7.3021
-9.7758
-7.2845
8.1491
-8.0916
-2.9284
-6.0523
-0.071387
-6.2504
-7.362
-2.7524
-4.1235
-1.6582
-3.15
7.9435
-1.3031
-6.5578
-6.4986
-7.228
6.3136
-3.6401
115.13
-8.5092
-7.662
-4.5642
-34.077
-5.0347
-0.86886
-8.429
-8.5232
-3.8394
-2.6795
-20.651
-4.4082
-5.8475
-5.3396
-4.7021
-16.784
-171.97
-1.5221
-0.3273
-9.3236
-5.7154
0.52989
-8.5258
-3.0908
-3.7914
4.0624
-4.0785
-6.9524
10.085
-6.5334
-7.3922
-11.113
-1.282
-1.0129
-7.9093
-3.1036
-5.6638
-5.0298
-6.9762
-3.5974
-6.3508
-6.3258
-6.2038
-4.821
-27.4
14.009
-42.355
-3.1693
-4.8285
-4.6245
7.2483
-3.9487
-8.1688
-34.854
-2.4108
-4.4042
-5.2238
2.4303
12.475
-0.058785
-6.7045
-3.9361
-14.046
-4.857
2.3395
-23.011
-2.3006
-5.5943
-10.033
-4.8847
-6.8967
-3.9151
-7.0266
-6.313
-6.1268
-6.5243
1.5877
-3.2477
-8.8821
2.7704
-3.9452
-7.7229
-6.5822
-3.7835
-6.2026
-7.3521
-7.8288
-1901.8
2.1072
-5.8124
-6.8697
-6.1387
3.1361
0.059979
0.77791
-6.6576
16.274
-8.9622
-43.157
-4.5668
-4.3561
-12.71
-35.821
-13.256
-5.1084
-5.3406
-5.7442
-4.6914
-2.9294
-2.5402
-0.22062
-2.8513
-3.3529
-3.8049
-2.2304
-8.7727
-10.396
-10.971
6.1106
-8.035
-6.9076
-5.4559
-8.0075
-5.3606
-5.6613
-5.6315
-4.7394
-20.771
-3.8322
-5.2272
0.50454
-1.9944
2.2979
13.257
-0.24441
30.82
-3.7311
-4.3277
-3.1128
7.457
-4.5948
-4.0861
-6.147
-9.8891
-7.4441
-4.375
3.68
-4.9952
-8.7976
-17.977
-3.8762
3.0711
-4.6131
-5.1136
-3.7958
-5.2549
-4.5972
-57.849
-4.6223
-5.3513
-6.7735
-3.7438
-15.857
-8.6914
-3.6607
-6.4945
-12.744
-4.5952
-5.7763
-7.064
-7.9229
-11.571
-2.7894
1.1053
-10.656
-763.87
-2.0824
-8.9663
-3.9157
-9.8623
-6.9986
-7.1468
0.6918
-3.8239
-1.0495
-6.3659
-3.9793
1.6976
-8.5263
-9.9651
-5.5878
-4.9555
-1.1886
-3.5315
5.7018
-11.855
-4.9795
-3.7572
-3.1456
-3.4303
-2.4876
-7.4636
0.077895
-3.5214
4.091
-3.0683
-8.633
-9.8268
-8.6105
-4.8979
1.4979
-9.8928
0.20286
-4.6873
-8.4279
-4.6013
-1.7425
-3.668
-6.6239
-2.7483
-5.324
-6.3348
-13.064
-7.1847
-7.0277
-2.8172
-15.808
-6.3638
-5.3726
17.9
-4.1672
-2.162
-6.0421
-98.817
-7.2586
-3.8514
-6.1153
-8.2679
-7.6534
-6.0784
-6.2416
3.1665
-8.0839
-5.1303
-7.4882
-6.2716
-1.8895
-16.583
-8.0758
-4.9056
-4.8243
-3.5294
-5.0353
-4.6954
-5.1162
-5.7387
-5.4536
-7.8794
-8.5722
-3.3615
-5.4418
-1.4373
-7.7717
67.002
-13.999
-2.3005
-7.9717
-5.1091
-2.4068
-5.2265
-4.2507
-6.5257
-16.434
14.732
-5.1671
-4.0946
5.0164
-6.3794
-9.6895
-5.9482
-3.4551
-7.2984
-20.482
-3.7843
0.35782
-4.2906
3.4533
-4.35
-21.633
-5.6752
-3.7159
-7.9172
-5.0332
-5.4536
-7.1486
-0.85222
-6.8318
-3.6364
-4.9002
-4.2675
-6.7774
-8.9261
24.355
-5.3732
-6.2658
-40.561
1.1191
-3.4768
-8.935
-2.7806
-18.896
-4.9369
-5.7325
-10.527
-3.8912
-5.1728
-10.257
-3.2001
-14.656
6249.7
-4.0267
-7.9377
-7.6566
-5.2745
-21.143
-5.7933
-7.2197
-2.1608
-5.218
2.0978
-3.6705
-4.9041
-4.5542
-8.0125
-7.6828
-5.4517
-4.9217
-46.274
-4.7677
-2.2894
-9.9694
6.4272
-2.0337
-3.4517
-0.95284
-5.0089
-6.2148
-7.7308
-2.3594
-11.512
-3.2414
-10.81
4.14
-3.0858
-5.1092
-5.7019
9.1984
-8.837
-8.795
-9.6409
2.5898
-2.5834
-0.77759
-9.2993
-3.9024
-4.9456
-5.4744
-4.5814
-10.048
-7.465
-6.1191
-14.535
-6.4685
-8.9382
18.916
-35.282
-7.0716
-0.17136
-5.923
-4.5528
-13.398
-4.8007
-6.0761
-6.9732
-9.2124
-10.035
-6.5934
-6.6864
-6.2726
-384.73
-5.871
-5.6417
-6.445
-3.266
-6.4241
-5.7694
-6.7278
0.84804
12.844
-6.9029
-11.172
-7.5232
-5.4456
-8.9544
-7.674
-3.843
-3.0927
-0.12714
-1.7025
-4.8273
-8.1787
-2.6299
-3.9384
-2.6682
-5.706
-9.3194
-93.629
-3.8706
-7.2229
-5.8096
-4.6817
-3.0773
8.3044
-3.3261
-6.5714
-14.321
-5.7042
-6.9957
-6.7001
1.4941
-3.2912
-7.199
-5.1012
-4.815
-4.786
-17.327
-9.3293
-5.3765
-4.7052
2.2747
-1.2792
14.201
-3.6093
-10.229
306.04
-6.6613
0.23003
-3.3175
-8.7696
0.49738
-6.0094
-4.3139
-20.575
-3.5802
-5.6619
-7.8433
1.4503
-2.6157
-9.9229
-6.6757
-3.9643
-4.0425
-11.769
-3.3653
-5.6501
-7.6973
476.19
2.9129e+05
-13.51
-2.1368
-1.4751
-5.1176
1.9905
-3.5058
-5.5594
-7.3374
-6.803
-2.6023
-7.9489
-7.4985
-3.3215
-4.1421
0.81169
-8.3991
254.31
3.4301
-7.0185
-8.1169
-6.4251
-7.7777
-1.29
-4.1867
-15.507
-4.121
-4.3295
-16.53
-9.3104
-4.9415
-4.2296
-6.5745
-7.1655
118.98
-9.3347
-14.15
-3.8894
-5.9164
-8.2438
-4.869
-4.5585
-7.1993
-4.8305
-5.3227
-4.8123
-11.531
-3.8239
-2.7097
-3.3382
-4.5551
-7.3964
-9.5431
-4.0924
12.304
-7.5639
69.844
-6.8914
-5.1484
-2.2172
-5.7192
-5.3962
-9.002
-5.4443
-2.6781
-8.6405
-7.8392
-8.0764
7.6688
-4.6683
-4.2463
-3.4778
12.461
-8.4009
-8.5345
-2.3242
-5.9732
-0.64447
10.835
-3.2491
-3.8601
1.8371
-7.2663
-7.7425
1.0352
-4.0062
-6.9293
-6.4071
-5.8272
-5.2765
-6.6746
-1.7798
-6.311
-7.7841
7.382
-4.8507
-6.0245
-6.1691
-5.7333
-6.205
-1.9069
-6.1309
1.9027
-14.351
-9.7279
1.4228
-1.7655
-3.5014
-7.5227
-5.2286
-9.9897
-8.5171
-6.7332
-8.3257
-7.9953
0.16179
1.8052
-6.2477
-10.006
-5.7445
-5.8088
-8.882
-8.3714
-3.6306
-7.5838
-8.5409
-11.692
-5.1969
-3.0115
-9.2798
-3.5728
-4.7503
-8.7009
-14.936
-5.5988
-5.4995
-7.4855
-6.1376
0.56705
-7.8564
-4.6312
-4.3892
-2.7166
5.6745
-5.5377
-5.0686
-3.4523
0.49703
-4.0098
-7.1468
-5.9213
-5.3052
-4.9821
-9.5836
3.3717
90.426
-6.8648
11.021
-6.9358
-6.4695
-3.3245
-2.5302
-2.0511
-6.5807
-0.46887
-4.9096
-4.0441
15.851
-6.0659
-7.2757
-5.8541
-3.8575
-5.475
-7.1004
-36.614
-43.607
-4.4376
-5.9446
74.361
-3.3674
-7.1098
-4.4661
-4.5117
-7.5171
-4.9525
1498.9
-4.1429
-8.1224
-4.7977
-4.2818
-5.6
-7.8837
6.988
-8.5443
-2.0809
-6.1683
-0.72021
-8.3938
0.20711
1.1056
-5.5213
-5.1535
-10.677
-1.8679
-3.009
-8.9507
-7.6179
-4.4737
-8.5168
-6.8034
12.536
-5.9775
-6.0099
-9.0506
-0.76332
-4.3995
-2.547
-18.704
-4.6575
-2.5848
-5.706
-7.6168
-5.9703
-4.8463
-1.9381
-8.3455
9.651
-8.0151
-11.305
-5.2373
-7.0141
-7.1182
-5.9902
-14.927
-1.1178
-3.0646
-7.6527
-4.8144
-2.8808
-2.8152
-6.2385
-4.3398
-7.1466
-1.5314
-8.9755
-6.9596
-12.771
-8.2515
-10.117
-5.8588
-1.4551
0.14378
2.6781
-5.2215
1.3997
-8.1354
-3.597
-9.9843
-8.0728
-4.3997
2.0709
-1.3242
-4.1938
-4.2397
-1.778
-5.0361
-3.4148
-7.9914
-5.9066
-3.3322
-1.8719
-7.9256
-12.747
-17.832
-16.146
-23.62
-1.0283
-3.8425
-6.1846
-5.98
-4.636
-7.849
1.1558
-12.11
-3.7872
-1.1044
-5.6852
-8.4418
-1.0305
9.7896
-3.9916
-3.5636
-6.48
-6.0698
-5.5045
-7.3735
-1.7154
-7.0469
15.379
-3.06
-14.812
2.9749
-7.7731
-2.7261
-11.171
-73.49
-4.9191
-3.3373
-0.018477
-5.561
-5.6642
-7.6798
-8.2084
-4.4827
-5.5411
-5.4018
-3.9965
-8.4577
-1.8713
-96.154
-25.877
-3.9999
-5.0726
-8.564
4.0924
-6.0211
-13.987
-3.9196
-9.6061
-5.0413
2.7113
-8.1338
-4.5169
3.0342
8.8418
-7.5949
-5.9177
-6.0976
-5.0307
-2.8636
2.2338
-4.6665
-5.2598
-2.915
-8.3639
-1.1482
-10.267
-21.474
-5.9847
-5.4452
-4.0717
-4.2745
2.5776
-6.6747
-6.9611
19.119
-6.5421
-3.5305
4.5028
-8.1858
-19.033
-8.5426
-5.2757
-5.6917
-5.0679
-6.6665
-9.3399
-4.7937
-7.4308
-9.7992
-8.353
-10.327
-5.6047
-8.0477
-4.8469
-1.1034
3.0947
-4.5586
-10.064
-6.0588
-7.1817
14.523
-24.137
-5.2805
-6.6456
-12.263
-4.7934
-0.98945
-5.1522
-6.8223
-3.8671
-4.1798
-5.8323
-8.8027
-5.6683
-1.3555
-3.5403
-2.7967
-5.5457
-5.9623
-75824
-3.5955
-5.2063
-6.2981
-6.2937
-29.456
-6.228
0.69814
-8.0265
-4.1626
-6.2381
-7.1669
-4.199
-4.6459
-2.173
-2.4203
-1.3986
-6.7
-7.2443
-5.5621
-5.6125
-4.5196
7.2816
-3.3371
20.473
2.173
0.29744
-7.7561
2.3051
-6.7546
-6.2
-4.2697
-5.7694
-60.73
-28.411
11.637
-11.43
-6.679
-4.0732
0.46096
2.7576
-6.5002
-2.6577
-7.0678
-8.1718
-7.4556
-4.4679
-4.7228
0.75637
-3.3912
-14.39
-4.208
-7.5496
-7.596
-11.544
-5.0164
-6.7383
-5.4408
-7.9867
-7.6379
-12.999
-8.6675
-4.9265
-1.1334
-8.364
-8.8805
-6.4884
-9.1102
-3.4515
-7.9295
-5.1497
-4.5028
-36.971
-10.368
-12.113
-3.6748
-5.529
5.0901
8.0117
-8.842
-6.1085
-37.614
14.821
-3.5692
-4.6963
-5.4182
-0.91596
-5.8508
22.307
-6.0501
-9.5466
-7.4102
-12.563
-9.1473
-5.9748
-12.636
-12.106
-27.513
-4.7657
-4.3747
-6.9293
-0.71992
-6.8388
0.19186
-3.9552
-5.8031
-3.8997
-3.7232
-4.2416
0.8531
-30.721
0.15799
-4.6227
7.0017
-5.2905
-32.671
-3.1215
-8.4483
1.0699
-3.8173
-4.1059
-2.9321
-4.4981
-9.0043
-1.0889
-6.84
-4.9564
-7.9496
-3.1841
-16.983
-4.0391
-6.6969
1.0123
-2.1088
-8.1071
14.149
-6.6544
-10.513
1.4465
-3.7879
-12.997
-0.88098
-6.2652
-2.7995
-7.5283
-3.9343
-11.715
-11.044
-5.7135
-10.021
-2.1495
-7.1469
12.106
-6.2983
-1.8553
-4.4188
-5.5983
-6.7224
-7.8217
-5.4194
-6.1224
-3.2322
-6.4143
-5.4559
-6.5329
-7.2597
-6.0237
-6.0514
-3.8329
-3.4649
-4.7958
-6.4923
-8.2205
-3.9935
4.6323
-17.871
-1.0891
-6.0417
-4.4571
-5.9067
-6.323
-6.0115
-4.5166
-6.3992
-4.6192
-3.9696
-140.26
-37.76
-4.6924
-10.762
-4.2376
-7.0531
-1.2078
-3.8157
-8.9537
-5.9657
-3.9238
-80.202
-9.0498
-4.2215
0.22514
-7.1211
-5.4578
-3.5486
-8.0017
-2.4538
-11.564
-5.7964
-11.776
-5.2766
-5.8643
-4.5704
-6.646
-7.8571
-4.6556
-13.512
-3.9413
-5.6693
-2.8229
-2.8116
-4.1402
-3.6203
0.92172
-1.7261
-9.0532
-7.5688
-6.9309
-5.1334
-8.156
-10.418
-44.647
-10.125
-6.1382
-4.9874
-6.275
-41.278
-7.0883
-5.055
-4.6051
-6.0242
-4.258
-4.2172
-6.5849
0.056404
-17.219
26.577
-6.4659
-7.7573
-8.1451
-4.99
-8.0498
-8.9713
46.974
-9.1776
-7.0592
-6.1439
-6.6662
-4.6487
-4.3158
-9.8659
12.021
-4.8888
-6.8005
-16.668
-2.5945
-7.4634
-7.7197
-6.0376
3.6311
-1.1983
-2.5071
-0.26009
-7.0531
24.736
13.335
-19.329
-4.2288
-7.7518
-4.578
-12.252
4.5276
-2.9549
-4.3997
-6.9438
-6.0785
-5.1073
-6.6236
-11.891
-4.43
-8.389
-5.4596
-17.394
-6.5044
-5.3769
-11.545
-63.438
-6.2111
-6.613
-4.3884
-11.44
-7.3907
-5.7676
-3.532
6.1614
-4.4301
-3.0716
-5.9529
-4.6758
-5.4499
-3.9958
-7.1855
-3.1316
-8.2118
-0.075746
-44.482
-7.8942
-4.8454
-6.2326
-6.3327
-3.3863
-3.3904
215.03
-3.6
-13.79
-3.4618
-2.609
-13.014
-5.3624
-5.6353
-3.0847
-7.9787
-4.4933
-18.482
-7.0864
0.90504
-2.6999
-5.0975
-2.0576
-8.7504
-0.76588
-12.107
11.661
-7.4492
-6.7829
-4.6177
-15.441
-5.1214
-6.4821
-8.7583
-4.6083
-5.4063
-7.6046
-9.2244
15.797
-3.0234
-7.2331
-7.0849
-5.3228
-2.9313
-6.0657
-75.542
-3.9691
-7.1467
-4.6288
18.491
-1.5354
10.512
106.63
-16.94
70.004
-8.2518
-7.8723
-5.2466
-2.4857
-8.7629
71.698
-6.9669
-3.4664
5.5125
-1.7451
-11.215
-30.958
-7.1299
0.15515
-5.2231
-7.3473
584.45
-7.0186
-5.5735
-6.7268
-17.402
-4.9552
-4.0568
5.7339
-4.8403
-6.8984
-4.893
-3.0468
-7.55
-6.3725
-3.9474
-5.4766
-4.6225
-4.405
-6.609
6.3586
-2.9375
-4.467
-2.1065
-2.6123
-2.7021
-6.4476
-3.5725
-8.6562
-4.5484
-3.638
-3.6337
-7.2725
-7.4563
-13.208
-5.0705
3.0256
-4.2052
5.4738
-4.4872
-7.4239
-3.6203
-19.147
-6.1517
-156.95
-8.9327
-5.7724
-7.4389
-6.9906
-9.1999
-6.101
-1.5521
-10.817
-11.598
-7.1686
-81.031
-6.145
-1.2542
-4.0186
26.449
-7.6379
-5.5872
-11.351
9.0906
9.7729
-7.5896
-9.1502
-0.91613
-4.5208
-4.7441
-6.279
-8.9236
-7.9063
-5.6882
20.773
-7.197
-10.22
-4.5104
-10.755
-7.3462
-53.465
-2.5103
-7.1118
-6.9417
-7.1237
-8.0557
-7.0332
-9.1574
-10.88
-6.4748
2.7115
-4.853
-7.3811
-0.84841
-7.245
105.61
0.62582
-6.0419
-3.4666
1.8068
-2.6415
-5.1221
-6.1528
-4.5373
19.977
-5.375
-2.7807
-7.9055
-3.3118
-11.557
-5.3489
-1.1091
-2.9463
-6.5386
-5.8533
-7.4999
-5.4364
-5.8437
-3.8274
-4.7641
-2.0729
13.265
11.968
-6.3136
-8.977
-3.8893
-5.5641
-3.953
-4.6863
-5.2658
-4.4697
-6.463
-3.1094
-5.6332
-6.1737
-7.2222
-1.7001
-4.8451
-5.8164
-3.5748
-5.9182
-9.9919
-4.4065
-0.27884
-12.379
-6.0861
-7.6459
-6.606
-0.65767
-3.4675
-7.3206
-5.9771
-1.114
-4.7474
-8.5383
-12.866
-7.5219
1.4236
-6.7267
-7.7509
-5.6878
18.887
-7.6826
-2.6344
-6.6162
-1.8963
-4.8361
-3.066
22.338
-3.096
-5.8177
-4.322
-6.2515
-9.5547
-4.4577
-11.561
-7.0661
-4.4309
-5.5842
-4.4813
0.026042
-9.6995
-4.9181
-4.7272
-6.5059
-3.7185
-808.05
-6.0748
0.21945
-4.4326
-19.461
-4.1842
-6.0622
11.291
-9.7466
-6.4805
-5.6885
-6.1487
-943.46
-5.8021
-3.607
-19.335
1.9802
-5.8377
-9.7401
-8.8881
-5.8064
-7.5547
-12.108
-5.3827
2.0168
6.7521
-8.8488
-3.8803
36.944
-38.566
-4.5675
-5.9278
-8.3515
-6.7359
11.981
-4.9559
-3459.8
-2.2177
-1.4174
-2.1756
-1.8515
-3.3967
-6.7429
-5.194
-4.5113
-2.7567
-10.891
-1.9927
3.4323
-4.8227
23.596
-10.905
-7.3518
-10.22
0.29505
-28.906
19.939
-2.5265
-4.4421
135.3
-6.8374
53.823
-6.0047
-0.81554
-8.6605
-8.197
-5.9267
-2.3155
-8.2489
-14.147
1.3798
5.477
-3.9933
-5.9705
-7.0966
-7.0992
-9.5642
-5.6266
16.098
-4.5747
-5.95
-3.4191
-6.3079
-3.5844
-11
-5.2169
-5.0422
-6.4058
-3.4571
-6.8593
-7.2608
13.847
-3.6946
-8.3452
-6.4443
-4.5439
-6.0676
-5.9348
-2.7088
-3.4623
-10.035
-6.4515
-3.1899
-2.4586
-22.345
-8.4574
-2.0738
-7.2089
8.4209
-8.3364
-1.8739
-8.7062
-1.695
-5.17
1.7435
-1.072
-4.7372
-4.2347
-8.3938
-4.6767
-5.8918
-5.4505
-1.908
-5.8043
-15.022
-18.36
11.549
-0.79819
-0.83487
-3.6362
-10.202
1.3486
-4.5394
-6.5129
2.7385
-5.911
-9.4361
-6.0932
-4.8208
-5.4945
-3.7458
-5.5959
-6.2734
-6.5332
-7.6031
-3.6606
-5.7201
-1.7232
-10.958
-9.4314
6.954
-4.0258
-4.5851
-11.555
7.8603
-9.2225
-27.134
-4.4352
-6.9332
-3.0327
-6.4426
-8.266
-5.5771
-8.4041
-4.5341
-7.1666
-5.3248
-3.8763
-2.582
-3.8152
-6.6667
-4.766
-4.6513
-3.8497
-9.3714
-6.6031
-5.2779
-5.273
-8.2144
-6.4237
-4.5959
-21.358
-8.7813
29.62
-5.9619
4.005
-8.042
-4.8479
-9.3331
-4.1872
-2.6766
-6.2888
-6.5243
-5.5511
-8.396
-10.61
-3.8234
-4.1734
-5.3922
-8.4815
-7.6049
-4.2029
-2.7089
-12.875
-6.9833
-0.97756
-5.4929
-10.252
-0.12495
-5.5039
-9.5202
-4.8167
-7.7796
-13.413
-5.0723
-1.9405
-4.0962
-4.6354
-11.641
-8.6178
-5.4574
-2.1631
-4.5359
-6.1373
-1.8509
-2.5897
-5.0003
-5.4834
-6.5734
-5.9672
-4.002
-8.0046
-2.372
-11.861
-7.2073
-3.0785
-5.4631
-8.7215
-3.761
-11.469
-6.0265
27.322
-6.0839
-1.563
-2.4807
-5.3636
-9.7442
-7.5892
-12.963
-6.1476
-7.3831
11.031
-6.8858
0.96372
-0.82822
-9.9221
-7.7094
-7.7013
-4.0319
-7.9769
-12.44
-6.7594
-8.4363
-9.2194
-7.0987
-7.8095
-4.4067
1.615
-8.8484
-5.7686
-8.7618
-5.653
-5.8566
-3.2963
-6.6387
-4.2004
-12.314
-4.3645
-24.49
-4.6868
-3.4026
-11.218
-6.6156
-5.9891
-0.97171
-5.2059
-1.3518
-6.1106
7.2104
-3.823
-4.3051
-4.1112
-7.8378
-7.7015
-7.0278
-1.4315
-8.2585
-3.9059
-6.1158
-4.4018
2.2059
-7.254
-8.6627
-2.3343
1.6244
-6.045
-7.8801
-5.309
11.781
16.708
6.6164
1.1425
-7.1829
-3.0915
-3.2956
-57.573
-4.4431
-5.4774
-6.2308
0.95251
-65.762
-11.584
-1.9172
-4.6147
-4.9478
-28.389
-6.9052
-124.96
-8.0245
-0.25621
-5.2546
-13.192
-7.6211
-5.6094
0.98164
-4.7675
-3.342
-7.9746
-6.2791
1.201
-8.2226
16.944
0.45884
-7.1371
-2.1163
-547.44
-6.6888
-7.1099
-6.6397
-4.0062
-9.1111
-6.1108
-6.7119
-3.896
-10.155
-0.96981
9.0987
-9.0003
-2.841
-7.7561
-7.5925
-8.1521
-6.7624
-8.5009
-10.401
-3.5786
2.2147
-2.4575
0.88722
-2.8014
-2.2728
-21.315
-4.3461
-10.191
-7.38
-13.058
-7.1534
-4.1465
1.6725
-7.4629
-6.2438
-5.605
-4.3353
-5.1117
-8.0202
-6.5051
-5.2502
-3.8109
-6.9741
-5.121
-4.9853
14.373
-3.0897
-13.308
-10.414
0.69803
-2.8757
-11.036
-5.2311
-2.7421
0.65158
-10.069
-3.2453
-7.9135
-5.0449
-6.6582
-5.95
-4.5809
-8.4117
-6.5876
-5.5433
-2.6519
-8.3241
-9.2737
-15.643
-2.6182
-8.4362
-3.6625
-3.9804
-5.161
-8.4975
-2.6445
-6.0843
-2.4419
-6.3527
-8.7923
-7.4876
-3.8483
-17.126
-26.837
-5.2293
-4.7795
-4.4574
-3.4095
-8.2759
-8.7849
-31.359
-15.167
0.42049
-8.6447
-4.9064
-6.374
-3.3802
-6.3438
-12.837
-3.1576
-9.5147
-4.2141
-3.854
-1.7895
-5.0611
-0.89606
-5.5924
-4.8134
-7.7793
-4.5389
-4.2703
-5.7816
1.3897
-6.1802
-5.2362
-3.6009
3.839
4.2204
-8.646
2.0765
-6.2157
-4.0036
-6.4509
-6.2179
-4.5392
-7.9661
4.8456
-5.0206
-8.3109
-3.4384
-3.5668
-2.5945
-8.0831
-4.3453
-6.4542
-4.5298
-6.8044
-1.1675
-2.1295
-4.1215
-6.7742
-6.3373
-9.0672
-2.7133
7.6513
-5.4228
6.8194
-7.8364
-1.8286
-7.273
-0.93125
-2.6545
2.2963
-5.4316
-16.722
-6.5615
-3.2781
0.58523
-6.0682
32.431
-1.358
-5.1215
-7.7007
0.39603
-8.1715
-6.6093
-5.2565
-7.6112
-3.6965
-3.523
-4.0964
-3.5762
-7.4989
-8.528
-6.3748
-4.2337
-2.2328
-5.1864
-5.4407
-8.5943
-10.78
-1.8717
-8.8964
-8.9475
-8.7929
-6.3038
1.5188
-5.5761
-7.2658
-4.5535
-6.222
-2.6054
-9.3802
-3.536
-6.0707
-7.775
-4.7832
-14.847
-9.3097
-12.88
-3.8608
-3.7383
-3.1141
-9.666
-4.8532
-8.6613
-4.1047
6.3096
3.2185
-3.617
-0.24595
-3.0617
-16.054
-6.983
-4.4777
-5.4071
-5.019
-10.173
-4.0465
3.0299
-4.4373
-11.525
-7.6582
-2.9041
-1.5147
-4.4897
-3.0462
-6.6005
-9.3609
-0.28795
-8.7249
-1.9159
-14.63
-9.3486
-4.7117
-10.354
-5.8435
-5.5957
-4.6195
2.7765
-2.8871
-5.9916
-4.6533
-4.9844
-7.9967
9.8421
-4.044
-4.8134
-8.0696
-20.235
-3.0729
-8.918
-2.7938
2.6999
5.1071
-7.6634
-14.261
-15.045
-10.126
-7.7682
-7.6099
-15.771
-4.8539
-4.1918
-4.5997
-7.8152
-9.3757
-3.9472
-0.17475
-18.042
-7.5349
-7.0339
-5.3295
-11.583
-3.894
-7.7922
-4.5637
-2173
-15.883
-7.912
-4.3788
-23.894
-26.197
-3.5346
-5.2688
-4.7535
-6.7172
-6.5906
-5.1347
-3.3819
-2.6751
7.644
-4.6118
14.105
-5.4676
-3.9032
-4.2719
-10.917
-6.9145
-7.4618
13.645
-9.7119
-8.1919
-4.1014
-2.8545
-1.0155
-8.0698
-1.7281
-3.6453
-4.0769
-6.0097
-3.6527
-7.5596
-5.242
-7.2569
-2.7374
-5.0531
-5.6708
-8.0105
-3.1303
-2.8479
-5.7669
3.5567
-4.8166
-1.6084
-20.436
-6.1346
-3.1523
-6.7944
-4.1469
-6.7422
-3.5211
2.0841
-11.905
-18.834
-14.51
1.9496
-6.5799
42.382
-4.8594
14.146
-3.6144
-9.1709
-13.919
-12.487
-4.6488
-13.585
-4.7918
-8.505
14.066
-6.8201
-3.0702
4.8228
2.6711
-3.114
-1.9738
6.316
16.487
-11.51
-8.6575
13.797
-5.4489
-5.7662
-7.1572
-11.673
-7.2282
-7.5488
-4.6877
-5.1132
-6.4875
-6.0207
-4.6063
-10.049
-4.1999
-24.424
-5.359
-10.619
-14.894
-3.5686
-8.3841
-7.2043
-4.4034
-3.1302
-2.4901
-222.74
-6.94
-9.7088
-5.9419
-3.9562
-11.799
-12.804
-4.1025
-5.3071
-5.8633
1.1422
-6.6768
-6.3253
-4.2077
-6.3918
-7.7802
-6.3712
-9.9552
-4.812
-4.6364
-5.2849
-4.1536
-7.8501
-9.881
-4.9638
-4.7649
-6.9769
-3.535
1.3132
-32.899
-6.5029
-5.6355
46.558
-2.9124
6.7814
-3.9713
1051.1
-10.717
-11.286
-7.2828
-4.521
-11.557
-8.1647
-7.3382
26.977
-1.4789
-4.9484
-4.8212
-5.2933
-8.4808
-6.0631
-4.8763
-3.7004
-7.6816
-2.0411
40.107
-1.6369
-9.4318
-3.8278
-2.7216
-6.0059
-6.7915
-3.8069
-5.0521
-4.5227
-7.8563
-5.0421
-6.381
-7.7745
-18.706
-5.4103
-1.7743
-9.194
-2.8591
-5.438
-4.8257
-0.094986
-19.774
0.70193
-6.8676
-7.2729
-8.2381
-14.056
-5.8474
-7.3255
-8.3897
-3.2784
-5.7071
-165.3
-1.6719
-9.695
-2.5787
-3.3115
-5.45
-10.342
-6.1411
-1.7649
4.7266
0.75696
-8.5333
-11.369
-3.8193
-9.1398
-4.7872
-9.7265
-9.51
-7.0988
4.022
-8.5785
-8.0152
-6.6355
-4.4537
-1.064
-4.759
-4.7648
-18.132
-3.6874
-4.2202
-7.1747
-3.939
5.7157
-7.3437
-5.8829
-3.9162
-5.5555
-4.3747
3.5587
-5.5031
4.4197
-2.7855
-16.493
-4.6229
-4.085
-13.167
-6.8937
-6.6471
-2.5193
-6.3875
6.0671
-4.8511
-5.4065
-8.4101
-10.423
-4.8894
-12.073
3.342
-7.3026
-1.5103
-4.3646
-2.4205
-14.317
-4.7307
-7.1549
-8.3138
-9.1525
-5.7534
-11.441
-9.2972
-5.6989
-6.3462
-6.9557
-5.987
-6.2908
-6.7227
22.449
-26.664
-5.968
-6.4833
-4.2119
-3.8402
7.5959
-5.573
2.9741
-1.3893
-2.3124
0.22191
-3.6757
-10.639
-5.6401
6.7871
-12.219
-4.3361
-5.6813
-3.8632
0.046165
-15.514
0.27152
-5.6203
-4.8731
-16.247
-7.5651
-3.69
-5.8065
-4.864
-51.24
-4.3823
-6.0251
-8.1265
-5.1456
-5.3914
-3.3445
-5.77
-4.69
-15.422
-7.1859
-3.2292
2.7147
-6.7329
-6.6541
-5.5337
-4.4686
-4.2892
93.824
-8.1212
-3.2175
-1.3724
-7.488
-6.0239
-4.1536
-7.1841
-1.1893
-2.72
-0.78975
-14.75
-5.2984
-2.8879
-7.2096
-6.1337
-5.5473
-3.4505
-3.8778
-3.4395
-6.6844
-4.6549
-2.7754
-2.5289
-1.5943
-8.2278
-4.8485
-3.6272
-4.1301
-2.9701
-5.7221
-0.80404
-5.4377
-18.744
1469.7
-7.4253
-3.4584
-4.2626
-4.409
-3.7368
-2.1441
-23.82
-4.6091
-9.239
-8.5232
-49.881
2.9061
-4.4193
-8.316
-5.2551
-5.4353
-5.9172
-4.6668
-2.1645
-171.47
-4.2166
-2.6099
-6.1723
-6.7561
-5.964
-3.998
-4.153
-6.8852
-6.5371
-6.0921
-8.2538
-4.7643
-3.957
-6.1364
-8.3972
-11.819
-16.217
-7.1421
-3.9001
-3.3845
-6.8629
-5.3115
-6.6465
-8.3185
-4.6621
60.836
0.44984
-9.3817
-5.4704
-4.3504
-5.584
-6.5274
-8.2089
-3.4213
-8.7812
-2.984
-6.2568
-0.14564
-3.9069
-6.5235
-2.9406
-4.1712
-19.083
-1.3411
-3.9527
-4.9906
-4.4088
-0.32156
-4.7587
-5.5345
-7.5078
-4.0699
-5.7921
-5.7825
10.234
9.504
-8.835
49.479
-2.9735
-5.8056
-3.2889
-3.8541
-3.0646
-3.6746
-10.892
-2.0633
-5.7111
-7.334
-115.61
-5.8385
-8.4153
-4.9427
-4.9644
-9.102
-6.3161
17.338
-5.8479
-5.0383
-6.8739
-8.3455
-6.1177
-5.3799
-0.88869
-5.3565
-1.2587
-4.1872
-6.8214
-7.6587
-7.0252
-14.068
-8.1862
-5.6453
-0.62984
-12.462
-4.7294
-4.7343
-2.0462
-4.1197
-6.1609
-6.3598
18.807
-6.2431
-3.609
-1.5371
-5.4242
-2.6458
-9.2095
-10.853
-271.92
-33.8
-4.6403
-3.9599
-2.6768
-2.1557
-1.2787
-2.8733
-5.6821
-4.7886
-6.0627
-6.0947
-1.8825
-6.1185
-21.563
-1.2876
-63.688
-4.1481
0.59903
-8.4681
-7.4485
-5.1479
-6.4539
-1.3838
0.38919
-6.8827
-6.2199
-9.0302
-6.2785
-9.2162
-5.0778
-2087.8
-8.1731
-6.7789
2.6817
-5.8165
-8.2514
-7.1282
-8.121
-7.5107
-4.8377
-7.615
-3.6152
-2.3094
-2.7236
-7.583
-4.3296
-1.0525
-8.3955
-9.726
-4.565
-7.1491
-7.7863
-8.9215
-14.244
5.3001
-5.829
-5.8527
-10.633
-7.341
-3.8418
-7.0042
-10.019
0.14621
-7.4986
-10.226
-6.9278
-2.8004
-0.45111
-17.449
-16.975
-2.4136
-4.3419
-11.089
-3.732
-0.089468
-9.237
-6.3497
3.2195
90.925
-8.4101
-7.1526
-23.246
-4.91
-3.3807
-2.3053
-4.3844
0.68871
-5.1024
-5.4697
-6.3909
6.0053
-6.2071
-1.5211
-4.3788
-1.8108
-6.0118
-5.32
0.35352
-1.323
-8.1759
-3.9928
-5.5676
-4.6112
-6.4255
-12.414
-4.5418
-4.0563
-10.397
8.5023
-2.8154
16.835
4.3709
-4.2852
-2.6723
107.98
-7.9649
-5.5794
6.401
-5.2921
-4.4769
-6.1811
-6.0172
-7.0674
-0.53642
-6.1392
-3.6963
-5.0304
-3.8611
-3.6564
-3.1612
1.9626
-8.6896
-6.0183
-4.3221
1.7601
-7.72
-4.644
-4.9303
-7.6747
-0.35071
-4.0563
-5.8664
-5.3725
-6.836
-5.5585
-3.0504
1.4127
-2.5991
-10.584
-5.449
0.074345
-5.936
-11.878
-6.0839
15.141
-4.5828
-6.0545
-3.1295
-6.6352
-5.1528
-6.9502
-7.1896
-2.7887
-6.4165
-7.4028
-6.3156
-19.443
-3.4399
-5.7953
-0.59682
-3.9127
394.03
-4.7825
-5.0395
-7.2047
-4.2878
-2.1689
-4.3336
-3.8313
-2.9619
44.421
-6.9486
-7.216
292.53
2.0492
-3.6583
-13.25
-8.3409
-14254
-9.5457
8.833
-13.713
-5.5273
-6.4912
-7.4916
-3.5764
-2.5703
-6.3181
-7.7297
-6.975
15.15
-6.5198
-10.843
-6.5243
-6.2986
-8.7299
-5.078
-2.2875
1.6605
-6.3519
0.624
-5.4892
-3.0001
9.6864
-3.1173
-6.0959
7.7431
-6.5994
-5.5979
-6.8384
-5.4095
-6.2277
-8.342
-6.2762
-9.5152
1.6315
-4.3635
-3.456
-7.1707
-14.728
-4.7046
-6.5665
-7.5492
-1.0623
-15.298
-8.2784
-4.0268
-110.44
-4.9709
-559.07
-21.374
-10.298
-5.5949
-6.6873
-6.6999
-6.0733
-5.3144
-17.466
-6.0963
-37.03
-39.672
-5.8658
-1.9806
-1.3957
-5.3896
-6.216
-6.635
-73.706
-7.2936
-10.405
-4.3744
-8.6049
-6.2691
-5.9064
-6.2254
-5.9474
-6.8549
-7.045
-4.2491
-6.2789
-8.3575
-8.8807
-6.2166
-5.782
-11.384
-3.6803
-2.8831
-2.0557
522.19
-0.76543
-3.3013
-6.485
-4.3772
-5.14
-6.8125
-8.0768
-1.3223
-0.88933
-6.524
-6.6023
-6.6896
-3.1845
-1.2382
2.3487
-3.4136
-7.4694
-5.0375
-0.53248
-7.7616
22.206
-6.5318
-7.5304
-4.2454
-3.5645
-3.8397
-14.266
-7.6948
-4.5202
-4.1564
-14.373
-5.1334
-3.6838
6.9149
-6.8756
1.0195
-6.7579
-7.6737
-4.0928
-6.5465
6.561
-7.0134
-6.1388
13.771
-78.437
-9.0275
-4.5704
-5.6367
-1.7195
-10.967
-5.7602
-4.2277
-6.898
12.886
-6.3258
-5.2435
-6.2619
-13.812
-4.1383
5.345
-3.0449
-6.5712
-8.3655
-6.2409
6.6373
-17.714
-2.9616
-7.3542
-5.3024
-5.5682
-14.048
0.85189
-4.4592
-4.1185
-7.7423
0.55634
-7.3028
-3.3097
-4.7103
-11.304
-5.1813
-1.9395
-5.9621
-1.5191
-6.7468
-4.337
-4.7808
-7.0249
-7.048
-4.8107
-4.9243
-5.5842
-2.7868
-6.2182
-6.5017
-14.668
-3.9754
-1.4923
-38.813
-7.4094
-3.8466
-7.3477
-1320.3
-7.8759
-7.988
-2.0155
0.1779
-4.4169
-5.9745
-7.3877
-5.0668
-7.5433
-6.487
-5.7673
-1.7309
-7.717
-2.9063
-15.729
-7.3829
-13.724
-3.4312
-9.7655
16.409
-7.0841
-0.64477
-4.2807
0.78075
-2.5979
-18.866
-0.92724
-9.7056
-7.2549
-8.2221
-9.7154
-4.1232
-7.2229
-8.4633
-2.8669
-121.03
-5.8855
-4.3712
-10.578
-6.6331
-3.5215
-0.46288
-7.7845
-3.3217
-3.3028
-34.355
-7.8806
-4.7697
-0.090008
-3.0317
-4.0777
-7.8219
-4.99
4.6025
-6.9171
-3.9773
-1.4393
-34.731
-4.9866
-7.1985
-4.4094
-5.2389
-2.297
-3.176
54.488
-5.3532
-1.7202
-5.6576
-0.20694
-6.1932
-6.5809
-6.5698
-18.06
-5.4384
-3.0868
-13.197
-4.8576
-1.5449
-2.9185
-7.4885
-5.6326
-5.1345
-5.5472
-4.9086
-12.547
-6.5129
-7.4324
-2.1759
-6.85
-6.0674
5.8642
-1.5373
-5.6683
-0.78799
-4.567
-9.0472
-9.3484
-21.754
4.5887
-4.1901
-3.8414
-7.362
43.622
-6.3844
-7.2664
-8.028
-4.9104
-7.6717
39.923
-4.4723
-9.058
-8.3845
-7.7393
-4.1903
-4.2081
-2.4181
-4.8229
-6.8525
-11.971
-9.4338
-5.067
-2.9976
-6
-3.6629
-4.5149
-4.2433
-28.745
-14.377
-7.1695
-4.0749
-6.2668
-4.8768
-3.6639
-6.7436
-5.332
-7.5411
-1.7889
-11.903
-7.2467
-4.5145
-6.7399
-4.945
-12.266
-5.6457
-5.8117
-5.7659
-2.2179
-4.3639
-8.856
-4.6132
-12.083
-1.4447
-5.6269
-4.7135
-1.5126
-7.0767
-5.9374
-3.4205
-2.9373
-7.9179
-7.0947
-4.2807
-3.1107
31.044
-8.5537
-7.3404
-5.1674
-12.742
-7.1343
-5.9017
-6.2453
-7.4318
-2.3969
-0.090757
-8249.1
-7.6445
-2.5912
-1.3623
-5.7417
-5.8938
4.5852
-19425
5.0933
-7.5147
-8.0184
-2.338
-9.9843
-8.3859
-4.2474
-2.2224
-5.3999
-6.3364
-3.7693
-6.753
-6.2003
-4.82
-14.26
-5.6061
-0.22742
-2.0505
-5.3472
-4.1034
-12.584
-6.5273
-4.4572
-7.2745
-2.2879
-0.25267
-12.61
-5.7912
-10.349
-7.414
-5.1266
-7.9349
-0.28064
-4.4854
-7.0039
-5.3069
-5.7525
-7.8026
-5.7931
-6.5485
-1.5547
-0.4419
-5.1587
-2.326
-7.8235
-8.0853
-1.1984
-5.2131
-9.9001
-8.1076
-7.9496
-0.95889
-5.7714
-7.793
-16.828
-4.3134
-1.8826
-6.4863
-8.5319
-6.1403
5.4397
-6.6679
-8.0501
-4.3189
-1.9437
-6.0476
-4.7764
-5.4568
-5.5786
5.6287
-6.4408
-16.907
-3.9565
-6.4185
-28.242
-7.5656
-24.148
-6.354
-0.23932
-2555.5
-0.061781
0.86337
-2.5775
-4.9728
-6.2348
-9.0223
-7.4741
-4.234
-4.2404
-9.0489
10.793
-8.8549
-2.7008
-5.4172
-1.8433
-7.3698
-12.304
-1.7881
-3.2628
-6.1035
-4.2447
-1.3606
-19.01
-5.6239
-6.2887
81.866
-6.5148
-2.5417
37.094
14.183
-4.2346
-6.494
-9.4487
-5.8933
2.2882
-3.0821
-3.0708
-5.6586
-2.1603
-4.2391
-8.4091
-16.536
-0.88113
-5.9138
-2.9746
-4.2324
-6.4036
-10.864
-6.6595
-81.229
-3.6592
-7.3169
-4.0934
0.82
-4.6025
-7.0558
0.91312
2.1691
-0.54003
-5.6078
-0.37073
-4.7125
-4.4082
-4.0259
-7.4103
0.87104
-1.9886
-5.7927
-4.3829
-3.8986
-10.091
-4.7149
-5.8607
-5.7959
-3.8907
-3.0599
-51.314
-7.0605
-7.6154
-11.796
-5.2991
-4.9643
-9.9641
-5.2748
-6.8671
2.7495
-6.9161
-7.2498
-2.6353
-6.4123
-3.8135
8.7643
-6.5416
-2.62
-1.2189
-6.4586
-3.3364
-4.6799
-3.5789
-3.5562
-3.6936
-10.213
-0.84214
2.6057
-6.7748
-1.2602
-3.1132
-4.4217
-1.7196
-5.5915
0.14953
-4.9435
-4.5632
-4.5491
-5.4709
-4.7819
-6.443
-7.1279
-4.263
-5.0959
-4.2022
-41.187
309.16
-5.0137
-7.8577
-5.8466
-0.58089
-4.0767
-7.0991
-6.164
-4.6413
-5.0183
1884.8
-7.3957
-2.9869
-6.3263
-5.9635
-5.3815
-4.0725
-4.6283
-2.614
-5.2253
-6.8254
-5.8342
-12.154
-6.2812
-4.057
-8.9998
-0.60929
-17.932
-5.6235
-4.7716
-6.0102
-4.1215
-8.8831
-4.7104
-11.073
-9.4872
-6.1542
-7.5979
-3.4799
-3.9508
-3.1623
-4.5795
-9.4997
-6.8029
-9.2188
-38.539
-10.026
-10.646
-1.9695
-6.6973
-6.2966
-7.3599
-4.1242
-7.6676
-8.3419
-4.5316
-6.5126
-14.454
-4.0745
-5.0929
-4.8327
24.078
-5.5934
-9.6502
-125.19
-9.3705
-1.1122
-8.8087
-4.4793
-1384.7
-10.252
-2.2951
30.625
-13.599
-4.3189
-7.7874
-17.821
-3.5219
-5.7421
-0.39234
-8.2057
-7.3048
-4.0513
-9.4346
-4.0905
-13.991
-0.72525
-2.3846
-5.0299
-4.357
-15.136
-3.6338
-6.2139
-6.8727
-7.4265
-7.0724
-5.7731
-11.051
-3.7576
-38.492
-6.5144
-5.6352
74.874
-7.7696
-1.9938
-12.797
-6.865
-5.665
-3.9386
-2.8104
-6.5348
-5.2504
-12.54
206.86
-7.8699
-11.332
-4.1474
-5.6392
-4.7943
-6.1799
3.2093
0.86666
-6.2179
-6.3031
-4.1395
-5.8675
-2.751
-1.8946
-8.1087
-5.98
-10.299
-4.8212
-2.5343
-5.2001
-5.5947
-9.3607
-4.3661
-6.8455
-4.3097
-4.2631
-1.4663
-1.5696
-5.2292
-10.052
-1.6839
-6.5201
-1.9266
-8.6055
-8.2263
-7.0076
-11.991
496.97
-10.269
-12.239
-7.7159
-8.9975
-3.5849
-7.7548
-5.3657
-6.9796
-13.67
-3.3807
-3.6434
-5.3294
-3.7708
-1.5223
-4.1159
-11.567
-15.49
11.657
-8.4988
-4.2797
-4.8517
-5.562
-6.5664
0.050816
-15.653
-3.4311
-11.185
-11.036
-3.8359
-65.7
-7.1188
-4.0127
-4.5887
-2.1467
-10.651
-4.7169
-6.726
-5.0677
-3.3624
-5.2662
-7.7372
-6.5765
-6.3751
2.4439
-5.5647
-16.333
-4.7137
-6.8356
-6.5787
-9.2756
-6.6523
-4.6646
-8.1551
-24.283
-6.1215
-6.5707
-10.473
-16.73
-6.0958
-12.54
-6.3282
-4.0146
-4.84
-3.1355
115.74
-3.0102
-5.2646
-3.7966
-4.9587
-6.1886
-3.715
-7.3785
-4.7612
-7.9431
-2.0312
-2.9465
-4.0047
-8.4861
-6.9409
-4.9326
-5.8055
-6.4005
-3.6245
-3.3829
-11.134
-4.701
-7.4796
-5.6587
-6.5872
-7.4679
-6.5688
-7.472
9.3031
-30.729
-2.4686
-10.587
-3.2877
-8.2613
-7.7492
-14.522
84.747
-13.766
-14.773
-44.236
-5.1098
-5.6168
-5.4399
-3.5773
-2.2513
-1.1827
0.25328
-5.8269
-4.7345
-5.3549
-7.1582
-4.8666
-3.5963
-8.4574
-5.2328
0.7788
-11.287
-5.3175
-5.5934
-4.2204
-7.0246
-0.86232
-4.9391
-3.9597
-14.578
-5.6898
-5.9675
-5.4542
-4.8196
-5.635
-4.7059
-6.9587
-20.508
-6.9191
-4.4041
-6.4197
20.108
-14.507
-4.7177
-0.056211
-4.3062
-5.7709
-4.1408
-3.6957
-10.688
-8.2606
-6.3779
-6.0204
-1.3703
-6.3839
-41.542
-8.5206
426.42
-5.9061
-3.1706
-5.3665
-6.8929
-8.4723
-1.7734
-5.7399
61.184
-1.8118
-0.89821
-4.1503
-3.3749
-7.9577
11.23
-3.4273
-0.83852
-7.5926
-34.784
-2.498
-9.0068
-3.7872
-7.4153
-5.7883
-9.0462
-9.7054
-5.496
-4.3508
-6.1991
-3.5109
-9.2775
-4.5595
-5.4887
-7.8069
-5.8484
-7.8747
-0.10487
-4.8591
-5.1501
-7.6862
-2.8091
-10.006
-4.456
-26.191
-16.497
-4.7876
-4.1159
-2.422
-3.9048
-6.9329
-5.196
-8.2591
-6.2887
322.61
-18.5
-4.4978
-3.6262
-7.8889
28.78
-5.1507
-5.0654
-5.5167
-4.5263
-3.8737
-24.423
3.5333
-4.8548
-6.1412
-5.8067
-9.4508
-5.6168
-6.9316
-8.2622
-51.56
-7.5334
-3.942
-11.867
-10.045
-5.1528
-7.4848
-3.7531
-4.7309
-3.1652
-9.5285
-4.7637
-7.3777
-4.9277
-6.4361
-3.1537
-5.983
-4.6267
-6.9983
2.4477
-3.2297
-4.0541
-5.9141
-1.6503
-7.1184
-5.2317
-11.432
-16.627
-4.2598
-6.7693
-6.5157
-6.4101
-6.364
-5.9888
-3.9138
-5.1928
-1.5305
-7.5219
1182.4
-8.0571
-9.6299
113.28
-4.3909
-9.4134
-7.9072
-6.6126
-0.88825
-3.0702
-7.011
-11.986
4.1874
-3.0741
-6.2687
-16.345
-4.9894
-6.8087
-9.8648
-7.669
-17.302
-3.9855
-7.5153
-5.5125
-7.0748
-5.8568
-3.1258
-2.3132
-8.2721
-8.1034
-5.8129
-5.2557
-7.3025
-6.1041
-2.6201
-7.4474
-7.3991
-10.11
-3.6051
-7.0966
-3.9508
-6.3688
-6.5575
-3.1473
-5.368
-17.494
-11.424
-13.561
-5.0105
-7.6903
-4.4326
-6.3932
-19.99
-8.2016
-7.8552
-10.577
-5.5483
-3.2676
9.1941
-1.0518
-5.7189
-6.7379
-4.9844
-5.1876
-7.9851
-4.6282
5.7332
-3.1031
-5.2013
-4.8399
-0.9785
-4.364
-5.2197
-7.4645
2.3545
-3.8152
-1.6306
-7.3929
-8.4596
-4.9034
-6.3164
-8.1796
-7.9355
-10.959
-4.1894
-6.3586
-3.6653
-5.4968
-9.0327
-4.4553
-4.2843
-6.1018
-4.4123
-1.9757
3.6071
13.116
-1.3072
-3.2183
-3.8475
-3.5232
-4.2831
7.0291
-8.1845
-6.6686
-4.8544
-7.4489
-123.58
-1.236
-35.809
-11.238
-5.1709
-4.4378
-5.9037
-4.8798
-6.398
-4.4701
-6.5129
-7.632
-2.7427
-5.1269
-6.3975
-5.0953
113.04
-4.7182
-7.0776
4.8704
61.661
-9.3421
11.188
-12.979
-1.2758
-7.6668
-1.679
-5.2856
273.7
-7.8536
-9.1266
-30.884
-5.7003
-3.6569
-28.769
-130.32
-7.0467
-3.6087
-7.9381
3.5987
-5.158
-5.747
-7.2113
-10.374
-5.2977
-5.7316
-1.8177
1.3797
-2.5878
-7.909
-2.6
-0.31908
-4.0119
11.599
-4.6655
-3.2129
-8.1041
-2.2399
-8.4766
-4.7579
-3.5592
-8.7799
-8.2525
-9.9035
-6.8447
-8.0383
-7.7342
-0.81156
-4.6159
-8.946
-5.7994
-11.837
-6.4372
-5.3081
-7.6932
-8.9772
-6.5772
-5.5251
-8.1597
-41.202
-6.1517
-7.1817
3.7174
-5.9103
-5.0645
-7.5007
10.139
1.8844
-1.7923
-10.485
-1.5458
-3.2217
-3.5299
-588.74
-5.6252
-5.5686
-7.9009
-6.1398
-5.9562
-3.3904
-5.3091
90.607
-3.3732
-3.1275
-2.0878
-6.819
-43.61
-10.918
-4.6764
-5.4323
-4.767
-9.585
2.3825
-7.381
-6.6022
-1.8571
-3.7564
-5.2736
-1.74
-1.963
-9.7398
-2.387
-16.631
-2.0864
-5.7867
6.6512
-6.8445
10.066
-5.0749
-2.169
-24.797
-9.0311
-0.40418
-2.5492
-5.4658
-4.2181
-7.0428
-4.7413
-5.1815
-3.6646
-8.0632
-5.0441
-3.7321
-5.4992
-8.3562
24.221
-4.8921
-5.7793
-4.8851
-3.6668
-6.5999
-21.682
-5.9695
-7.5226
-75.84
-6.6974
-4.7282
-3.9429
-4.4022
-46.07
-5.009
-1.424
60.715
0.71121
-3.2394
0.13451
-4.0211
-7.4969
-1.9688
-2.6969
-7.6594
-3.7277
-6.2744
-3.885
-2.291
1.6629
-5.9388
-12.076
-4.4431
-4.9971
-16.407
-5.6979
-4.3122
-5.2263
-11.3
-4.1281
-4.7397
-6.9077
-2.9106
-2.5886
-5.804
-6.7536
-5.104
-2.3967
-11.025
-7.4186
2.4617
-8.6672
7.6413
-3.3714
-4.7053
18.419
-6.3421
-7.1864
-3.5236
-6.5429
-7.9265
-4.1006
-5.8054
-4.9162
-4.9741
-16.223
-8.1982
57.11
-6.869
-6.0896
-5.6914
-15.673
-3.8835
-12.289
-5.3656
-8.1492
16.995
-10.818
-5.0482
-4.6255
-4.7128
-6.6076
-15.385
-3.2124
-1.2537
-114.92
-1.9814
-2.5578
-64.485
-7.3829
-0.98341
-0.43161
-1.3068
14.968
-3.7175
-4.2957
-22.187
-5.6987
-9.072
-4.1215
7.156
-9.1054
-9.2742
-6.7708
-5.5424
-6.3308
-4.148
-2.5959
-7.9569
-2.0878
-6.8355
-4.7021
-2.6269
-5.6595
-6.4312
-6.015
-7.1722
-4.065
-11.49
-3.7667
-5.2724
-3.0951
-6.0364
-27.424
-8.376
-10.116
-45.523
-4.1323
-5.0811
-6.8965
-5.7342
-2.5038
-26.051
-3.442
-6.6713
-4.6246
0.81393
-5.2459
-14.083
-5.5687
-15.2
-6.31
-12.33
-5.299
-7.9656
-4.2895
8.3411
-28.102
-7.835
-31.818
-9.7613
-2.8757
-6.1962
0.4825
-6.4331
-7.4569
-5.4432
-4.7223
-6.8091
-4.8593
-6.9295
-4.9474
6.1608
-6.7834
-5.813
-6.7553
-3.5809
-4.6865
-3.1242
-5.6424
-26.308
7.2053
-5.3877
-7.7151
-5.6646
-6.4666
-6.945
-12.235
-5.2993
-2.8926
-6.3442
-6.1214
30.848
-7.9131
-5.9081
-4.1107
-4.3455
-6.2231
-9.1249
-4.3737
-3.2269
2.5025
-3.2211
-2.3089
-7.6997
-6.6735
-1.696
-6.3046
-5.9329
-5.9961
-7.3724
-6.7158
9.2264
-8.1
-4.8789
-5.3659
-5.2838
-4.9133
-7.176
-6.5504
-11.972
-5.7924
-9.2108
-4.7788
-1.2211
-6.2928
-5.273
-5.1183
-8.5732
-4.8761
-11.096
-8.5201
0.045297
-5.9333
-5.3662
-3.2313
-6.5176
-5.3292
-17.739
-6.1218
-6.2069
-6.4022
-13.961
-1.5759
-5.053
-8.5179
784.25
-5.1423
3.2753
5.9936
-4.5881
-7.329
-3.869
-2.8858
-6.5168
-4.4115
-0.64807
-10.316
-1.1588
-6.1697
-3.9887
-5.9051
-9.0881
3.5994
-5.3097
-9.6348
-6.1146
-27.141
2.6575
4.7333
-5.7426
-7.1474
-9.3348
-44.051
7.4261
1.862
-4.155
-12.815
-0.76513
-491.74
-3.1245
-6.759
8.1092
-5.9447
18.224
0.64434
-3.9517
-6.452
-0.57795
-8.2642
-14.657
-3.9202
-5.3864
12.437
-5.004
0.53335
-5.011
-7.685
-5.1968
-6.2174
-4.6812
-10.075
-7.4267
-6.8327
-46.569
-8.5946
-5.714
-2.3864
-4.1586
-11.661
-2.4892
-7.1579
-8.9292
-8.0992
2.3643
-5.2517
1.6531
-10.388
-13.125
-23771
-9.2917
-8.7846
-4.6029
-2.7734
-5.2391
4.8296
-164.75
-5.7096
-6.0699
-6.924
-9.6072
-5.4356
-5.6095
-4.7312
-0.15089
-4.0705
-37.737
-4.926
-12.257
-3.7724
-6.2533
-10.773
-6.5277
-11.386
-11.081
9.0429
-1.3304
-9.2318
-1.2732
-5.6963
-4.6899
-4.3685
0.47301
0.70155
5.0079
11.626
-24.499
-4.7197
-22.141
-10.66
215.69
-5.3034
-4.8754
-4.6414
-7.2055
-4.9394
-5.3585
8.0845
-3.2405
-2.6515
-8.3559
-14.037
-5.3098
-6.0544
1.463
-5.3176
-2.9591
-5.1509
-8.6371
-5.827
-8.1909
-3.8301
-4.8574
5.2701
-7.8543
-7.1417
-4.2954
-9.227
-5.4789
-3.6926
-63.079
-5.4648
-11.085
-2.874
-5.5839
-6.0333
36.278
-50.15
7.3666
-3.8342
-8.3195
8.59
-5.1417
-27.465
-1.9182
-6.6966
-4.1282
-5.4868
-4.5289
5.6667
-5.151
-2.4264
-4.4386
-14.522
-49.475
-3.7901
-1.2639
-3.7558
-4.5333
-10.083
-2.9741
-3.6204
-7.9811
-11.254
-9.5495
-0.30724
1.1283
-2.4366
-6.956
-11.154
-5.1257
-4.8284
-3.7553
-1.8627
-5.5316
-16.014
-2.5419
-4.9814
-15.141
-3.6663
-7.4106
-4.2243
7.8269
-3.4994
-4.7796
-6.811
-4.7675
-3.8659
-11.824
-5.6685
-7.2593
-3.5781
-6.3759
-9.7278
-7.1369
-64.415
-0.22124
-9.5741
-7.5335
-2.3311
-5.1528
-4.4265
-3.0833
-12.964
-1486.8
-5.867
-2.0423
11.764
-2.5648
-5.0808
-5.4164
-0.89004
-33.049
-7.6384
-7.1524
8.877
-11.616
-6.8763
1.3989
-8.0694
-5.5234
-8.6793
-6.6811
-6.6825
-2.4095
-5.2957
-132.96
-6.4165
-7.6194
-5.761
-8.4434
5.8035
-1.689
-7.9125
-15.718
-5.9755
-5.4534
-7.7052
-5.7563
-4.1815
-5.2493
-2.6887
-2.755
-4.9784
-2.9088
-5.0731
0.21474
-3.948
-1.306
28.163
-20.858
-3.5461
-3.2461
-2.179
-5.4333
-7.7959
-6.4661
-6.9024
-6.1494
-7.906
-9.7612
-8.1053
-6.5402
-5.5652
-7.62
-53.294
-1.7109
-12.678
-6.995
-2.7308
-7.7378
-4.856
-4.9841
-12.068
-0.36232
-84.935
-0.7413
-5.0854
-5.1218
-7.6213
-6.4845
-8.7399
-4.9163
-5.1074
-4.8251
-3.8045
-6.0349
-9.3985
-3.0234
-4.7828
-36.08
-5.6192
-2.8874
-7.2564
-52.617
-3.6731
-10.005
-4.6034
-8.4003
-7.6669
-9.2837
-2.2986
-3.0964
-9.0948
-5.6204
-8.3896
43.68
-4.936
-5.4435
-0.34132
-6.4569
-6.1073
10.112
-7.5204
-3.1982
-9.3381
32.568
-3.9406
-6.9392
-7.8974
-0.33719
-7.7063
-5.4545
-3.866
-5.4951
-3.1222
-7.4045
14.379
-18.776
-5.5186
-1.3247
-6.7333
-7.7578
-3.4847
-7.02
-12.493
-14.406
-1.3658
-9.9105
-9.6156
-10.411
-0.58296
-5.3998
5.2535
-29.623
-3.1916
-4.5897
-68.349
2.1465
-0.844
-6.2606
4.2946
-2.7499
-9.0508
-4.569
-11.836
-4.5677
7.9503
-7.435
-6.8339
-2.785
-5.0667
-4.9839
-20.052
-5.5049
-5.6055
-12.028
-3.9202
-5.6006
-4.4279
-5.295
-3.9688
-1.5683
-5.2726
-4.0265
-2.4846
-2.1773
-7.301
-3.996
-10.344
-4.3257
-5.784
-6.4973
-3.3732
-1.0811
-2.9408
-4.6499
-5.667
-9.6402
-11.495
-5.4797
-15.273
-6.1116
-4.7333
-6.5725
-3.4377
-1.7443
-4.6874
-9.7968
2.1688
-2.3643
-5.0695
-6.8178
-0.56162
-4.7596
-5.4858
6.1433
-7.1137
1.0553
-5.0242
-2.7642
-8.2243
-9.3628
-5.9238
1.2631
-7.5704
-10.047
-5.8316
-22.15
-9.2537
-5.7784
-7.6465
-4.0367
-2.5057
-3.1559
-4.0309
-5.7198
-6.3589
-6.4928
-3.4252
11.576
-2.317
-7.8097
-7.1875
-3.0477
-7.4719
2.9629
-8.8688
-5.0032
-4.492
-7.3757
2.3424
-7.294
-5.3838
-4.8852
-0.24928
-3.8782
-3.3198
-5.5818
-5.5326
-5.1957
-0.20027
-5.7518
-8.2724
-5.1251
-3.7219
-11.592
-7.1079
-10.439
-0.96541
-4.8709
-4.2464
-26.892
-5.1419
-4.9533
0.41831
-9.8898
-6.9856
-19.023
-26.879
-13.298
-4.5567
-8.8282
-6.1263
-9.4185
-3.902
10.527
-5.8023
-6.4293
-2.9966
-1.952
-18.616
-5.478
-4.9941
-4.6924
-3.4903
-6.5627
-7.5815
23.864
-0.41896
-5.5213
-1.5509
-3.9948
3.8358
-5.1031
-9.5731
-3.2657
-3.2684
-1.2097
-5.5529
-5.0546
-6.6049
-6.4567
-15.062
-5.4883
-9.6457
-296.86
8.9776
383.67
-5.3522
-4.7145
-2.2713
-5.124
-4.0212
-7.0878
-6.3208
-6.9555
-6.0185
-9.3354
-46707
-9.3713
-8.948
-10.18
-2.7525
-7.1621
-4.0156
2.855
-4.9014
-5.2011
-4.0839
-6.0456
0.13121
-5.22
-6.9222
-5.9494
-5.4393
-4.7754
-3.9518
-5.0741
-4.3101
-11.677
-14.916
-5.7106
-3.0807
2.1138
-2.1598
-9.9508
-5.801
-14.554
-4.9776
-2.9591
-130.72
-8.8638
-2.5687
-211.17
-6.2735
-12.42
-12.576
-5.0979
2.8549
-5.9638
-5.4552
-1.4877
-6.5857
-6.1357
-7.252
-7.3405
-7.7004
-4.3447
-3.5624
-3.1354
-1.6554
-7.4415
-3.892
-6.898
-4.7988
-5.3318
0.12391
-6.3568
-11.839
-4.6988
-5.0568
-3.4006
-6.2989
-5.7237
-11.916
-6.9278
-1.7008
-5.0688
1.4635
-5.2229
-6.7212
-3.267
-5.7234
-4.8158
-10.271
-3.9373
-3.8376
-6.6381
-7.0245
-7.8172
-10.983
-0.73481
-1.7137
-3.8388
-5.2492
-6.1429
-4.7376
-2.5823
-2.5633
-7.0615
-4.3333
-3.4169
-10.369
-6.7476
8.8727
-4.5087
-7.0344
-3.5685
-5.7151
-5.4224
-9.3178
-10.193
-5.7351
-5.2092
-5.7206
-4.7044
-5.4519
0.74824
-7.6526
-4.7239
2.0408
-13.112
-8.0314
-2.6587
-18.139
-11.167
-3.46
-6.1671
-11.276
-4.9837
-2.3047
-6.8514
-5.4252
-7.0717
-7.0403
-4.9592
-5.4808
3.4056
-4.9053
-7.7821
-1.718
-14.623
-4439.7
-1.556
-3.5947
-4.9626
-4.7612
-5.8228
-9.1947
-6.3498
-6.8226
-5.4923
-4.0766
-6.8076
-11.578
-5.7833
-6.8037
-4.3254
-4.218
11.241
-3.2034
-6.4032
-7.7479
-4.9973
-6.7814
-7.2154
-1.4409
-6.0546
-8.0408
-3.5316
-3.8062
-5.0091
-1.5437
-4.8011
-13.959
-4.5343
-12.497
-6.558
-11.162
-3.1301
-6.2491
-144.96
-6.7915
-4.6074
-3.2351
-5.3515
-5.8958
-10.757
-6.6942
-4.4496
-5.0391
-5.3879
-8.4258
-2.0438
-4.461
-8.8273
-0.07115
-11.678
-0.30317
-20.83
-8.3552
-7.1982
-8.1854
-5.387
-5.1491
-6.447
-5.7687
-5.655
-7.4304
-13.745
-7.9024
-5.0515
-4.8947
-6.7713
-6.479
-6.0977
-4.7014
-7.0056
-1.3142
0.28485
-2.5098
-3.4065
-4.5658
-2.2541
-2.2084
-3.5966
-5.5302
-2.7857
-5.4655
-3.1259
-6.7936
-0.18946
5.368
-5.1096
-3.0132
-8.6471
12.523
-6.5207
-5.3801
-16.778
-4.29
-0.62333
-4.6738
-5.6336
-3.3203
-1.8966
-11.646
-18.969
1.9834
-13.701
13.289
-5.4109
-6.5213
-7.5218
-7.7466
7724.4
-3.5635
-4.336
-7.9757
-14.213
-3.8928
-9.0562
-3.2152
4.5931
-4.8647
-0.74792
29.119
9.5005
-5.1753
-4.3827
-2.2109
-9.1504
-5.0261
-4.7297
-7.6633
-0.63215
-4.0014
-7.4141
-6.2536
11.89
-2.1172
-6.9372
15.431
-5.3144
-7.3711
-3.4682
-6.1848
-19.275
-4.5737
-1.2325e+06
-4.3676
-2.3087
-414.48
-4.3288
-8.0261
7.4104
-11.87
2.6669
-5.8931
-5.9049
-3.8663
-4.6605
-6.6468
-6.4063
-9.3464
-6.6069
-5.9265
-5.0397
-6.5534
-24.083
-12.942
-6.8381
-5.1069
-5.4133
-9.1885
-3.543
-4.98
-2.4579
-7.443
-9.7748
-3.0766
-7.8161
-5.6262
-5.8034
-15.109
-4.4252
-6.6915
-37.184
-10.9
-0.064122
-2.9673
-23.861
-1.0697
-7.126
-31.559
32.104
-3.3092
-9.7681
-4.7721
-8.6489
-3.1759
-4.1326
-7.8162
-6.8419
44.275
-7.6355
-9.6569
-17.609
-6.3979
20.374
-5.9394
-4.1142
-5.7625
-2.765
-2.1529
-9.2326
-8.097
4.9674
-3.3235
-8.7587
-5.919
-3.927
-9.7647
-7.2959
-8.01
-3.7198
-2.0307
-9.5094
-43.761
1.3563
-6.3207
-3.5543
-3.519
-5.7648
-3.8231
-3.6091
73.375
-20.043
-6.628
-1.6381
-7.1857
-3.6633
-6.0714
-4.7659
-5.3815
-7.5144
-3.7498
-6.3237
-6.5884
-8.0581
-5.0335
-19.426
-7.7464
-5.828
-6.7802
-5.0217
-3.8628
4.4884
-9.8378
-9.128
-106.46
-17.156
-13.174
-4.9823
-2.5403
-10.928
-12.795
-0.20849
-3.5921
0.3472
-11.081
-0.69183
-5.6119
-10.805
-2.9444
-4.5784
-6.5739
41.573
-5.7576
-5.6281
-8.3747
-4.286
-6.5338
2.5799
-6.6466
-6.2374
-3.8756
-5.4979
-1.9519
-3.2176
-10.468
-7.7436
-6.411
-2.6515
-5.3263
-12.727
-0.89662
-428.91
-5.3665
-6.5369
-24.358
-6.8858
-5.6568
6.3621
-4.7852
-4.9818
-3.8072
-1.7506
-8.796
-6.9402
-16.645
-5.9358
-3.9462
-3.8261
-512.33
-12.342
-8.0293
-80.341
6.9807
-6.9252
160.28
-6.7024
-9.3799
-15.859
-12.449
50.502
-4.8601
-4.6321
-5.7731
20.769
392.65
-6.0681
-2.7089
-5.9476
-2.6518
-4.6064
-6.6926
-6.2227
-0.85734
-4.552
1.66
89.155
-4.0605
0.70559
-6.8438
-7.3953
-6.9471
-7.4392
-6.8482
-10.534
-7.6625
-1.5961
5.9083
-5.773
-6.2415
2.7362
-0.23196
-7.7169
-6.2492
-2.3632
-9.4191
-4.7628
-4.6265
-4.6274
-8.0308
-3.4327
-5.3689
-5.8097
-11.432
-2.674
-9.5686
434.76
1.6609
-6.4362
-4.3188
-4.2333
-5.5753
-8.5798
-8.2789
-1.668
-6.7047
-4.0624
4.5392
-7.8855
-6.0708
-4.6153
-3.9277
-6.2851
-3.7259
-4.6101
-8.1724
-4.6175
-4.0119
-3.6706
-6.6137
-7.5356
22.308
4.7672
16.515
-35.078
-3.442
24.76
-0.81013
-7.3208
-7.9355
-8.0232
-5.6283
-2.0643
-7.6357
-3.8183
-6.5638
-3.9478
-8.5832
-5.8272
44.651
0.57233
-7.4526
-2.9869
-5.9904
-9.2361
-7.2171
-5.9535
-5.965
-1.7844
-6.8865
-2.7099
-2.1883
-3.1884
0.049642
-3.2491
-58.574
-4.9412
5.6656
-3.3274
-81.163
-6.3015
-2.4756
1.0623
-5.2044
7.5645
-7.3972
1.9298
-5.2913
-3.7707
-8.5828
-5.7852
-5.7905
-4.8532
-3.5772
14.62
-1.5448
-5.3945
-5.1271
-27.89
-5.7088
-8.1496
-16.406
-1.7663
-6.2304
-0.85545
-4.5369
-3.794
-1.4023
-8.5682
-7.4293
-7.8675
-4.7299
-44.968
-4.1141
-7.1601
-7.7128
1.3298e+05
-8.7218
-5.4864
8.4953
-8.3002
-2.4727
-6.0612
8.9337
-10.325
-16.453
-7.7898
-3.4004
-4.8634
-15.286
-32.829
-4.6312
-12.46
-109
-4.0441
-4.5845
-6.1847
-7.2275
-5.4585
-7.4295
-3.7128
-4.4217
-5.7524
-6.8289
-7.5552
-6.9525
-8.3868
-3.5928
-1.3932
-7.117
-9.0707
-3.4578
-5.6007
-5.7214
6.5365
-5.5856
-2.8608
-4.063
-4.9808
-9.1078
-4.0856
-27.112
-7.1957
-36.205
-5.9582
-7.3115
-3.6999
0.8724
3.7334
-4.5171
-17.02
-8.0968
-7.1634
-6.9666
-5.696
-4.7858
-3.3505
-6.3221
-10.279
-10.247
-3.6179
-16.708
-10.065
-8.4801
-4.4042
-2.3602
-4.4675
-5.4828
-7.4307
-6.5906
-1.6785
-8.3936
-5.3158
-12.975
8.8644
-2.007
-8.3935
-6.7544
-4.2068
-3.4178
-1.4809
-8.4267
-3.2763
-4.7863
-7.246
-7.9075
-5.5309
-56.299
-4.5966
-6.3146
-1.1949
-5.8018
-6.0091
4.1159
-3.1958
-5.3132
-3.0176
-5.5818
-6.4218
-3.1598
-2.834
-7.5492
-3.4572
-5.5019
-8.9887
-7.0676
4.7725
-3.4003
-2.8453
-6.06
-9.7882
-4.6414
-11.09
-1.406
-5.2408
-7.3841
-6.1013
-6.702
-3.2991
-3.5653
8.6483
-4.8396
-4.5742
-6.5494
-7.3821
-6.8756
-9.782
-5.1532
-5.3071
-2.4904
-8.616
-21.15
-5.3133
-4.6567
-4.8972
-7.1977
-2.2468
-4.328
-6.9645
-7.1437
-3.2687
-5.9632
-5.7045
-7.0532
-4.2609
-18.769
-8.1328
-7.5786
-20.613
-8.8807
-6.12
-4.8541
-6.254
-3.7174
-3.8464
-5.55
-3.4781
-9.4907
10.688
-5.3724
-10.444
-7.2331
-12.045
-5.7958
-4.3199
-4.3785
-5.4325
-5.4484
1440.7
-2.7059
-3.5145
-4.1472
-5.9465
-7.6062
-11.43
-1.1726
-4.9448
-8.7855
-2.3266
-2.5235
-6.0425
-14.866
-4.9977
-5.3796
-8.456
-7.3538
-7.8554
-4.6866
-0.84423
-6.8353
-2.9776
-2.6999
3.3103
-4.3412
-7.8045
-3.2482
-4.7192
-5.5298
15.362
-4.3183
-10.424
-17.062
-7.6881
-5.564
-15.152
-5.7564
-12.949
-7.7764
-4.1427
-5.0682
-0.94089
-3.1869
-7.9207
-2.3824
-5.5966
-2.1793
-6.7654
-8.9355
40.107
-7.7356
-1.6119
-1.0155
-5.816
1.0751
-7.4351
-14.682
-6.0391
-6.2602
-6.0281
-6.4671
-4.3813
1.4674
-3.8991
-4.2127
-3.3103
-7.4468
-88.268
-4.4133
-5.0554
-7.3964
-2.9789
561.89
-2.7976
-7.1618
-6.2083
-6.1865
-5.7858
-4.5868
-5.4522
-24.04
42.801
40.502
-11.7
-5.4182
-6.1209
-8.8835
-2.1343
-1.0566
-4.7293
-7.0866
8.6638
-6.9386
1.8975
7.9621
-0.94555
-7.2297
-5.0363
-4.8281
-3.6923
-6.3848
-6.7656
-5.6057
-8.4502
-8.2544
-4.3165
-2.3676
-4.9615
-5.0425
-7.1058
-7.6786
-12.733
-3.1676
-8.252
-3.9296
-9.845
1.3068
-7.8921
4.0913
-7.0496
-3.9147
-2.5066
-7.6135
73.584
-3.9221
-9.3613
-3.0802
-3.2907
-9.775
-6.2108
-5.6179
-7.7854
-4.0418
-3.5768
-3.6866
-8.5151
165.78
141.54
-5.7015
-2.9505
-3.3957
20.751
-7.4375
4.9262
-7.7245
-6.5052
-3.5291
0.12224
-9.1033
-6.9638
-6.3215
-18.128
-13.495
-4.7371
-8.4229
23.801
0.98717
5.3686
-13.929
-6.3029
18.023
-7.6939
1.857
-4.8177
-10.085
-19.434
-7.91
-3.5418
-6154.1
-7.8707
-4.4375
-1.8136
-4.1399
-3.0656
-1.0233
-6.9686
-7.239
0.76647
-6.589
-3.4048
-9.0763
-7.8096
0.20785
-8.339
-4.595
-5.3493
-6.4406
-46.045
-5.088
5.9771
-3.0482
-11.467
-14.356
-5.1963
-6.6003
-2.5106
-5.8166
-5.3869
-8.2072
-5.5773
-6.8823
-8.8148
24.146
-5.7662
-3.2691
-6.3838
-6.0654
-4.1166
-3.5823
-8.0448
-5.1915
-3.2278
-3.4437
-3.0203
-6.3435
-6.8842
-12.062
-3.1575
-7.4208
-3.3851
-4.9298
-7.3305
0.089194
-2.8639
-3.0765
-4.1848
22.561
-3.5107
-3.8347
-10.497
-7.8696
-4.7516
-2.7785
-3.6327
-7.7671
-6.3288
-2.8227
-8.9489
-5.8704
-7.3708
-6.1132
-4.1255
-3.8525
-5.3352
-51.848
-4.9072
-3.5444
-4.1824
-3.4752
-12.674
-8.1047
215.3
-17.727
-6.6992
-2.4019
-6.1756
-7.837
-2.3142
36.184
-5.9808
-6.0146
-4.5394
-2.6093
-5.683
-9.0507
-10.13
-8.0428
-4.6096
-6.1379
-4.8273
-3.5615
-5.707
4.3849
-6.6266
-4.7051
-7.736
-8.1234
15.558
-5.695
-3.2801
-14.976
3.3236
-7.2725
-0.028934
-8.705
-4.4686
-17.746
74.127
-5.7958
-4.1644
-5.7853
-11.201
-4.6421
-3.9975
-8.5032
-3.0493
-10.165
-4.349
-8.2476
-4.2921
-13.315
-4.925
-4.1741
-7.7813
-9.7398
19.348
6.0134
1.774
-9.4317
2.8391
15.892
-3.876
8.0707
-3.5627
-5.2818
-7.6533
-7.8354
-7.8055
1.1738
-4.3283
-6.5211
-9.5014
-2.4438
-6.4874
-8.9787
-3.5388
4.8911
-12.933
-2.5399
-4.0639
-5.1251
-8.3265
-4.496
-5.2056
-6.6538
-19.187
-3.7134
-8.3787
-5.3126
-6.0331
-12.217
-9.121
1.0794
-6.6906
-5.0099
-1.2549
-3.6047
-5.9127
-8.0337
-5.5551
-5.7712
-1.4661
-6.4726
-6.4374
-4.9191
-4.9748
-8.5864
-6.3016
-6.4826
-5.6792
-5.3432
-4.7867
-104.48
-3.9303
-3.7064
-2.2242
-2.5038
-5.4931
-29.791
-4.1628
-3.8252
-4.9725
-5.7104
-3.9494
-5.7626
-3.9051
-6.1088
-3.3058
-9.0145
-8.533
-7.3758
-5.8025
-3.5991
-12.298
-6.4106
-6.9493
-1.5661
3.7312
-8.2315
2.7906
-7.4203
-11.711
-4.3339
-6.5934
-3.4284
-19.198
-13.366
-5.5597
-5.1261
-1.8117
-4.3725
-0.96787
5.2621
-6.7764
-8.3795
-4.109
-2.4179
-6.4536
-4.4582
-8.33
-2.4572
-29.459
-7.0016
-4.9014
9.7521
-7.8229
-10.845
-0.79135
-4.5263
-6.5793
9.33
-6.5951
2.9951
-5.222
-9.6592
-9.1569
-4.2868
-6.2097
-4.1266
-1.4802
-8.0769
-5.7477
2.7724
-8.2773
-5.0037
-5.3624
-4.5166
-3.3256
-7.1862
-5.3125
-6.0136
-1.4855
-2.7061
-3.333
-4.4301
-6.2389
-12.82
100.34
-59.581
-8.3018
-9.5702
-3.4648
-9.3925
-8.5699
1.6052
-1.9009
-3.1031
-5.1286
-4.7137
-4.9147
-12.644
6.8445
-6.0407
-9.5111
-3.3544
-6.4016
-5.7278
-1.5796
-3.9078
-1.9473
-4.2044
67.344
-6.8008
-12.952
-21.685
-7.0936
4.5393
-3.8541
-4.7389
-2.7664
-1.5578
17.725
-8.4064
-20.753
-5.3912
-0.55688
-16.689
-6.6185
-6.5471
5.5871
-7.6497
-8.2481
-2.3249
-0.74579
-4.3239
-4.1035
-0.84784
-5.0818
-7.5366
-6.2215
2.9158
-3.0109
0.66446
-8.2723
4.5699
-3.4496
-6.9626
-9.0475
1.1249
0.20135
-3.45
0.63458
-8.1328
-10.344
-3.5547
-15.211
-1.8837
-5.5275
-6.0615
-5.6046
-12.018
-7.7122
-1.7736
-5.0859
-5.8071
-5.9797
-3.9359
-13.535
-3.2656
-2.5634
-4.0995
-7.0829
-7.1706
-4.7652
-3.6102
-1.2704
-6.5719
-8.7725
-16.739
-3.4764
-7.133
-5.247
-3.867
1.4721
-9.4461
-6.3495
-6.1792
25.861
-5.2649
-1.4154
-7.983
-4.3391
-7.0024
-4.2182
-9.9946
-24.51
-7.0153
-3.4349
-3.4123
-6.4008
1.2057
-18.825
-12.113
-3.0879
3.8828
-6.0692
-27.121
5.412
-3.9013
-6.4325
-6.0648
-12.543
-8.1915
-6.5764
-5.6166
-6.1726
-4.0649
-7.8541
-9.9543
-4.1487
-21.816
-8.7493
-8.6975
-4.9149
-2.6407
7.1694
-4.6486
-4.3369
-2.2156
-13.854
-7.1109
-16.735
-44.696
-11.109
-3.8135
9.8058
-7.4614
-5.2091
-14.366
-8.1036
-4.515
-2.2193
-4.4395
-7.8283
10.932
4.1214
-6.2948
-4.8949
-1.7454
-0.075958
-7.531
-5.8783
-7.4733
-5.6965
-5.3607
-10.813
-10.343
-4.251
-4.6598
-7.3983
-0.95495
-2.5935
-6.155
4.2714
-4.3114
-4.755
-4.6069
-5.072
-13.274
-5.5639
1.215
-8.2811
-4.4618
-5.8553
-3.9139
-1.8049
-7.2673
-8.2608
-2.4645
-6.1321
7.2637
-2.3386
-9.076
-6.6723
524.42
-8.0212
-3.9471
-3.8052
-5.6804
-6.5522
-7.9221
-5.2369
-10.77
-0.13513
4.4914
-6.1069
-6.9612
-11.802
-11.224
0.7808
-3.0631
-8.7735
-19.775
-7.0334
-7.7984
-1.7164
4.1786
-7.1667
-1100.2
-4.4529
1.6339
-5.8722
-9.4646
-4.3562
-16.435
-2.5863
-3.7116
0.25229
-6.2597
-4.7425
-4.6759
-4.8176
-2.2169
-2.3909
-4.1988
-5.4542
-5.6055
-5.7502
-0.46865
-1.9159
-3.7048
-3.1777
-6.968
-12.154
-5.3623
-4.1798
0.45403
0.56785
-0.671
-4.5197
-6.6657
-5.966
-5.6323
-8.7399
-2.9249
-2.2648
-6.5207
-22.587
-10.499
-9.9782
-17.542
-6.8498
-6.0409
-5.9345
-4.6285
-5.1675
-3.7267
-7.8732
-3.7098
-15.332
-5.7628
-6.3948
-5.5703
-9.0654
-4.8013
-6.4919
-9.8543
-11.578
-6.9571
-4.0687
-2.9921
-1.9246
-5.812
-76.71
-12.121
-7.8073
-4.4294
-8.5403
-5.2645
-17.071
-7.2912
-1.376
-1.5479
-0.53052
-2.3486
-5.6964
-3.5405
-26.089
-7.268
-9.071
7.2745
-5.1189
-8.1656
-4.1173
-6.2939
-5.0148
-3.1388
-4.1852
-5.8224
-10.06
-5.3945
-7.6164
-6.3523
0.34222
-2.9932
-8.2826
-7.9105
-1.5885
-5.1364
-10.577
-7.3269
-17.961
-6.8393
-10.131
-8.446
-8.4292
-6.5858
-6.4026
-11.544
-4.7247
-4.2816
-6.9763
-5.4452
-5.6532
-6.226
-8.5546
-13.214
-87.844
3.3081
-4.2258
-5.0819
8.1707
-6.4256
-4.4696
-2.307
-1829.4
-17.533
-9.6262
-3.1071
-9.6599
-6.0466
-2.9766
-9.5932
-3.7552
-6.3995
-6.4377
-6.1211
-3.7345
-7.367
-7.1126
-6.8505
-6.7672
-4.8731
-6.7923
-5.6754
-4.5793
-3.6613
-9.6739
-6.0225
-4.4076
-4.93
-6.3768
-6.6123
-6.9995
-4.1106
-5.4375
86.837
-6.2532
-5.8053
-5.8052
-23.715
-6.2231
-19.185
-5.8088
-6.3344
-5.0082
-5.3336
10.507
-6.6488
-3.3713
-5.2137
-1.094
9.363
-8.8799
-5.21
-2.0796
-3.757
-5.8874
-3.3351
1.7669
-3.3755
-8.7658
-10.37
-8.7526
2.3362
-4.919
-3.8727
3.7696
-4.2201
-6.7304
-5.0404
-6.3051
-4.7643
-2.1119
-1.3155
-4.9508
-9.7432
-4.9482
-6.2358
-8.5242
-3.929
-3.08
-5.2643
-3.2811
0.50039
-6.7888
-6.4
-77.577
-6.4716
-1.7136
2.7113
-3.275
1.1661
-5.0562
-3.0119
-9.2681
-7.5607
-3.9345
-5.1627
-4.26
-7.8519
-2.6869
-3.1428
-7.2629
12.984
25.504
-5.7987
-27.217
-3.9088
-2.0966
-4.8827
2.9238
-3.8487
-1.3208
-6.8484
-4.8142
-5.999
-5.5141
-48.405
-6.1596
-5.9587
-6.373
-5.4544
23.125
-2.1101
-2.7509
-3.3373
-8.0867
-11.162
-7.1416
-2.8411
-4.8676
-3.7639
-6.7845
-3.769
56.394
-13.704
-17.781
-5.8277
-6.5702
26.692
-8.2458
-9.3135
97.884
-3.3084
-6.3974
-6.826
-3.195
-5.7832
-6.3762
-147.13
-5.1182
-2.9013
-5.1658
-4.3688
-3.6405
0.15727
-5.5032
26.578
-2.3236
2.8936
-6.187
93.67
-9.8887
-7.5402
-19.106
-4.2333
-7.8261
7.4952
-2.8324
-4.5389
-5.8706
-7.4372
-5.2366
-8.6163
-8.9578
-4.4358
-7.2541
-5.3333
-1.5474
1.3853
-6.8358
-6.1858
-9.8378
-6.4413
38650
-5.3915
-4.9298
-6.3098
29.45
-14.482
-0.58473
-2.0305
-5.0363
-5.1642
-8.8065
-9.6184
-6.1075
-4.2937
-4.6847
3.3291
-21.833
-16.924
-3.0339
-3.2347
-5.9412
6.3299
-1.5226
-2.5222
-454.47
-0.79373
8.5744
-0.32384
-4.7814
-3.6217
961.26
-10.555
-6.6169
0.066854
-7.2827
-4.7409
-2.9177
-4.9271
-7.6911
-3.5408
-7.3628
-6.5177
-9.7983
-3.8396
-3.1014
-8.5519
-4.716
-10.27
-2.8566
-1.1168
-5.5343
-4.1538
-73.535
-6.4442
-4.1509
-5.1198
-8.063
-6.5619
-4.7689
-7.679
-1.7506
-5.9468
-6.7362
-3.1401
-7.1801
-10.523
-4.698
-5.3066
-4.056
-4.6651
-3.2883
1.495
0.15382
-2.8628
-5.4945
-9.0466
-4.4092
-4.0399
-9.9084
-8.1598
1.8143
-250.86
-4.2739
-5.4808
-3.5796
-5.6275
-7.1947
-5.2891
-10.173
-1.2626
-5.5612
-3.0116
-9.2161
-3.1035
-4.1638
-5.0442
-5.6231
-6.1502
-2.7493
-27.104
-8.1689
-8.1254
-5.1669
-1205.4
-5.9762
-6.7159
-8.0217
-2.5682
-3.7916
1.0109
-1.861
-2.4065
-7.2173
-31.182
-2.3855
-5.4009
-6.9716
-4.2856
-1.0052
-4.0996
-6.999
14.615
-3.8885
-7.368
-3.6624
-5.0652
-4.8364
-3.3421
-20.247
-5.2368
19.954
-4.5176
-11.457
5.0463
-38.821
-4.2844
-8.8275
-9.2763
-2.7133
12.491
1.7381
-4.5854
-7.2128
-10.529
-14.152
-9.9436
-12.853
-10.728
-4.0823
-43.641
-4.5306
-7.9918
-4.2669
-8.2576
-5.4379
-5.0822
-2.8433
-10.722
-5.2931
-1.4077
-7.5373
-7.0349
-5.2788
-25.007
-3.45
-9.0561
-3.2157
-6.6405
-5.1551
24.684
-366.77
-3.6348
2.4927
-21.171
1.2026
-8.3872
-6.6917
-14.411
-8.4125
-6.0821
-7.0035
-6.8212
-5.5412
-0.66273
-4.0502
12.224
-7.1032
2.525
-9.4006
-8.2136
-9.0439
-1.5828
-4.1157
-6.1445
-4.8734
-1.843
-4.4128
-8.0907
-5.6002
-4.9032
-4.3062
-4.5328
-8.3794
-14.662
-3.2073
-5.4615
-5.5047
-4.0838
60.774
-30.721
-2.3294
-4.6611
3.4258
-10.199
-2.2876
-3.2379
-2.4883
-7.3582
-6.8928
68.209
-6.0501
1.2388
-8.6153
0.25602
-6.1581
-2.0852
-5.2242
-5.2389
-6.1791
-7.1524
-7.1529
-5.7711
1.0417
220.94
-5.9252
0.62306
-1.7123
-6.4797
-11.191
-3.4304
-5.7409
-4.5839
-1.1316
-29.703
-1699.6
-5.2469
-5.1009
-2.2979
-1.4732
0.20963
-4.4825
-5.6326
7.3353
-1.249
-3.6032
-3.3453
-7.0354
-7.5316
-7.2948
-8.6844
-3.9468
-3.9905
-7.0101
-4.1855
-8.5498
-5.4734
-7.0782
-7.8639
-4.4904
-8.0814
-8.179
-24.961
-3.0819
-6.2859
-5.7555
-15.626
-1.1405
9.7538
-4.9074
-40.918
-5.3766
-6.2612
-8.955
-8.7608
-7.4676
-6.5837
-10.591
0.60643
-3.7451
-6.5566
-2.3319
-4.7343
-10.763
-12.804
-7.1185
-5.2571
-2.5993
19.726
-13.676
-13.068
-1.5815
-4.3721
-5.0806
-8.1277
-4.005
-0.17423
-7.7561
-7.7305
-15.626
-1.652
-5.1808
-38.425
-1.1565
-3.6983
-3.1645
-2.7226
-6.1921
-6.9205
-14.346
-7.6479
-10.767
-3.2295
-3.915
-2.6013
-2.075
-5.6318
-6.5267
-7.1417
3.7766
-14.247
-10.861
-3.3712
-7.3439
-4.0004
-5.1011
-4.3792
-74.694
-4.7172
-3.2344
-6.0903
-8.1321
-4.6661
-88.505
-148.95
-5.8796
-9.8584
-6.273
-5.6587
-24.686
-1.7728
-5.8687
-3.4387
-7.3872
-6.1958
-6.4404
-7.584
-6.4825
-1.3725
-5.1731
-11.68
-3.9146
-4.5628
-1.741
-19.405
-1.7063
-4.2954
20.867
-6.5076
-5.9306
-6.2253
-6.5329
-3.2437
-7.4818
-14.461
-4.6842
-5.4743
0.27277
-7.9809
-8.0532
-38.156
-8.663
59.429
-5.3875
-5.4283
-4.6219
-6.6248
-7.3474
-8.9813
-4.9951
-4.4227
44.472
-3.8557
37.058
-180.39
-7.2553
-4.3949
-5.3175
-8.0687
-5.8616
-4.096
-5.3804
-14.711
-16.455
-8.5316
-7.6768
-8.8664
-6.141
-5.8502
-6.0491
3.9103
-1.9364
-8.4094
-3.8044
-6.4191
-6.2248
-6.1174
-4.0605
-6.4456
-0.40348
-9.1658
-4.0097
-3.1334
9.8729
-3.5844
-4.129
-5.5528
-6.3057
1.0235
-7.0316
-4.6562
-6.7094
-5.7301
-11.874
-10.929
29.803
-5.5647
-15.939
-4.9135
-2.4476
-2.9589
-8.1549
9.5918
-4.213
-5.7399
-5.1708
-8.5387
-5.14
-3.943
-7.0834
-2.477
-3.9388
-10.754
-6.1803
-7.9499
-7.1867
-7.903
-5.8259
-5.5856
-2.3234
-8.8252
-5.8751
-5.9225
-7.7522
-6.1721
-5.4817
-2.6832
-5.636
-7.029
-7.2745
-3.0846
-3.273
-6.6873
-53.275
8.2366
-6.8691
-6.0748
-6.8103
-7.1598
-10.407
-5.6492
-9.601
-7.2654
-2.5872
-7.9672
-3.7622
-10.188
-4.3478
-1.7165
-3.9719
-0.40565
-6.9544
-7.5035
-7.2503
-1.7294
-4.9812
-6.4786
-6.5285
-5.9209
5.8008
-4.718
-3.2505
-4.6709
-4.7798
-5.5324
-7.8733
0.47322
-14.932
-5.1183
-11.164
-5.2321
-2.8923
-6.8139
-3.1331
-7.4517
-3.6354
-2.8076
-6.1642
-2.2385
23.015
-4.5339
-3.7884
-5.7738
-1.4796
-4.3133
-2.4505
1.977
-6.3726
46.886
-1.7676
-3.5465
-4.1514
-5.8489
-8.8386
-7.4756
-5.8628
-11.366
-5.7322
-78.892
-8.3588
-5.5198
-6.8649
-3.8177
-5.3719
-4.0396
-6.8781
-5.1725
-3.1006
-9.0693
-4.0216
-5.5774
-42.955
-4.702
-0.90634
-3.1013
-4.5716
-7.8107
-4.4435
-8.1832
-1.8141
-28.366
-5.2787
-9.8236
-22.954
-4.621
-8.4926
-6.1722
-5.0181
-5.6797
-4.8307
-4.6328
-3.1273
-5.0549
127.77
-6.9111
-4.998
-16.48
-5.2071
-4.575
5.2898
-1.2435
-6.7475
-5.5451
-12.132
-2.6898
-0.39247
-6.0551
28.872
-14.45
-0.25801
-3.8567
-9.5927
-3.5075
-19.87
-5.2142
-10.101
-4.7924
-4.1445
-6.2089
-5.5598
-5.3469
-7.4676
-6.9032
-5.9685
-6.4861
-6.4895
-8.073
-15.074
-4.3957
-2.744
-2.8301
-6.4094
-1.1109
-8.8442
-6.9821
-5.5102
-6.3039
-0.18678
-12.175
-5.738
263.68
-7.7837
-3.5469
-4.9103
-6.6771
-3.1876
-3.5036
-7.9969
-3.2674
-6.8618
-7.5089
-4.4451
1.0067
-7.6288
-6.8019
30.456
-8.2286
-3.9031
2.8356
-3.7673
-4.6223
-5.6327
-4.2199
-9.3392
-10.208
7.1801
-3.2246
-2.0153
10.353
-5.457
-4.4967
-9.0855
42.918
-5.8646
-4.5662
-4.1591
-1.9935
-3.0615
-7.7946
-3.6271
-2.4769
-5.5915
-7.0042
-3.1118
-3.4056
-8.6373
-17.604
-4.1001
-8.5842
-7.9031
3.099
-4.738
-19.687
-6.6674
-2.7437
-6.8328
-2.8566
-6.6914
-9.2698
-2.5633
-6.6361
-4.0816
-6.5656
4.2437
-9.3564
-5.8539
-1.3251
-7.9312
-8.5004
-6.3001
4.1068
-0.75605
-7.3934
-0.42848
-1.9772
-15.948
-7.2265
-6.4236
-5.8053
-6.9123
-9.91
6.2783
-4.1171
-4.1364
-8.1073
-4.2956
-3.016
-6.6758
-7.4222
-8.3853
-7.0242
-2.68
1.1569
-10.49
-6.3555
-5.8002
-6.2261
-7.0633
-3.4535
-3.8653
-3.3064
-9.1911
-5.2104
-4.5558
-1.9615
-9.2648
-5.1551
-3.8243
-7.7969
-5.0784
-5.751
-5.6142
-5.7963
-8.7976
-6.787
-6.3352
-2.1357
-145.73
-9.8491
-5.8129
-4.2516
-7.0114
-4.7091
-6.1057
48.184
7.1717
-5.5985
-7.3469
-5.5473
-4.5289
-5.4981
-6.2425
-1.4848
-3.2498
-7.4294
-2.8337
-10.118
14.999
-8.4414
-214.49
-5.2965
-8.4179
-8.389
-7.4234
-10.821
-2.8484
-3.7075
-9.0787
-0.6717
-7.6326
-9.0288
-4.5772
-5.2087
-8.2377
-5.8089
2.059
-5.9443
-4.2819
-6.2857
-4.3005
-4.6584
-4.9751
-6.8054
-9.5517
16.377
-3.621
-7.3231
-5.2575
-9.0896
-7.2581
-5.8733
0.75555
-6.3398
-6.1492
-7.5028
-3.8714
-6.915
-9.1937
-13.338
12.8
-5.3485
-9.0158
-4.828
-5.6199
-15.969
-5.197
-5.168
-7.3426
-11.647
-1.9519
-5.0839
-3.3964
-5.7183
-11.691
-14.508
-0.59465
-7.4167
-4.123
-17.984
-5.9359
-0.56051
-3.5465
-4.2172
-4.1518
-9.1998
-6.8406
-7.4622
-4.9101
0.36977
-4.7587
-4.9649
-14.889
-2.8565
-6.1406
-5.824
-16.005
-5.2705
-2.9942
-0.16967
-9.1986
-6.1397
-5.2005
-8.8174
-5.4463
-10.092
-5.4161
-8.8194
-4.462
-7.1744
1762.2
31.565
-9.5309
-6.2574
-8.2854
-5.0496
-3.0676
-4.3839
-9.8634
12.744
-5.1992
8644.7
-7.1479
-4.4712
-4.569
-11.465
-3.5384
-2.5472
-6.1719
-1.8526
4.4517
162.37
-8.4338
-2.7543
-3.164
-4.0435
3.0222
-6.8923
-5.2159
-2.8695
-2.2007
-6.3709
-6.3563
-7.1844
-4.6183
2.2547
-2.7703
-31.205
-0.96609
-10.279
-4.792
-4.2581
-4.7734
-3.3499
-3.7449
-5.9724
2.1115
-7.0638
-8.9432
-6.4019
-3.9933
-3.6011
-6.7116
-28.039
-11.602
-5.014
-30.336
-7.418
8.7773
-5.0096
-4.1904
-9.3245
-7.3597
-3.5741
-5.1045
-3.3828
-5.4424
-3.9105
-16.466
-6.8159
-5.5682
-4.648
-5.7066
-4.4994
-7.0871
-6.2542
-1.8325
-10.886
-3.944
3.0527
-52.545
6.4222
-3.1821
-7.0704
-7.3717
-5.6128
-7.681
-5.8968
-4.9343
0.61474
-14.778
0.05475
-5.8293
-8.4146
-5.0596
-5.9221
-4.4713
-12.95
-8.7628
-0.3523
-7.1789
-5.2551
-6.1481
-30.373
-6.4742
-7.4244
-5.6901
-11.065
-4.0598
-5.1462
-4.3105
-2.8274
-4.7437
-16.683
-4.7224
221.38
-4.4641
-3.9758
-3.6575
-6.7583
633.5
-5.3524
-2.8573
-17.745
-2.8611
-1151
-0.76744
-2.5775
0.84319
-9.0461
-5.5609
-3.6066
-6.1884
-14.927
-6.5937
-5.9326
-5.013
-7.8466
-5.0393
-5.916
-7.8267
22.159
-6.3468
-4.2526
-6.2474
-4.1451
-16.979
-3.0834
-7.1815
-4.8121
10.051
119.87
0.23653
-7.2057
2.4341
46.239
-7.9681
-6.8291
-6.3314
-9.3748
-5.6509
-5.1149
-6.1445
11.418
-15.431
-6.1295
-8.9242
-17.261
-3.1513
-3.7273
-4.6214
-22.578
-1.0652
-6.1295
-44.233
-4.6688
-7.4423
-4.6921
-6.6997
-6.5596
-8.8454
-7.4346
-5.4738
-6.7843
-10.598
-7.1625
-6.257
-6.8843
-5.1166
-10.865
-5.7712
-5.0603
-7.5015
-3.6061
-20.622
-6.2518
-3.2944
-6.0301
-3.2389
-4.4819
0.78158
-5.3784
-6.9716
-3.6855
1.8634
-0.95148
-5.2538
-7.1457
-124.94
-7.8897
-9.4929
-4.7282
16.044
-4.7086
-4.6621
-5.7345
-3.0464
-4.67
-4.6767
62.456
-8.0533
0.34767
-5.0023
-6.7076
-6.961
-9.4368
-4.6436
1.116
-4.9962
-5.3159
-7.4106
-16.71
-8.126
-4.804
-5.0679
0.054863
-2.8188
-5.6439
-3.7817
-1.4344
-5.4995
3.1635
-11.746
-9.4648
-5.0167
-8.2865
-5.2103
-5.7634
-7.2613
-9.2686
-3.1135
-4.8425
-2.6834
-4.7256
72.045
-9.1903
-4.2578
-2.0814
-7.0017
16.878
-1160.8
-2.4902
-13.338
-9.0684
-8.5584
-3.6143
9.7206
-9.0481
-4.2607
-5.6629
-1.0505
-4.2337
1.4669
-3.0762
-0.44071
-4.9879
-3.7923
-5.8182
-4.6117
-4.1568
-1.271
-6.2114
-2.772
-8.8615
-4.5958
4.4041
-4.3677
-5.563
-6.0938
0.55475
-7.8549
-6.774
18.781
-6.6036
-4.8069
-7.9518
-5.6082
-5.1791
-5.2529
-2.2297
-13.361
-1.2737
-3.9609
-4.2661
-8.0884
0.62507
-14.472
-6.636
-2.2532
-0.67601
-4.9143
-2.9333
6.7593
3.517
-11.875
-4.8682
-5.2013
-4.4479
-3.913
-5.6627
-7.9786
-6.6065
-3.5694
-6.6993
-6.7342
4.3891
-4.5414
-6.3779
-6.5809
-7.2981
-5.8153
-5.136
5.3632
-3.6879
-6.0459
-13.232
-2.7749
-5.2076
-4.9342
6.3064
-7.9995
-5.5453
0.53664
-3.6013
-11.322
-5.93
-4.5967
-3.0363
-3.779
-6.0285
1.6354
-2.8831
8.8205
-6.7969
-3.7378
-2.8634
-9.2917
-0.29431
-5.7951
-3.8161
-7.3384
-3.4032
-13.771
-5.9263
-6.896
10.079
-21.482
-5.9308
-46.927
-9.6783
-5.4731
-2.8196
-8.6993
-7.2731
-2.75
4.38
-36.121
-7.8906
-7.9407
-2.9076
-6.6427
-3.8113
-12.401
-0.15311
-4.2738
-6.2083
-4.2996
-5.9631
-4.538
3.6318
2.0468
-4.9654
-10.987
-5.5053
-2.0952
-6.2564
7.6296
-5.0777
-2.584
7.5733
-2.3942
-6.6824
-2.8463
-1.5017
-9.9041
-3.8623
-11.475
-120.86
-10.871
-44.882
-2.1726
-6.0024
-5.6338
-1.8331
-3.7325
-8.1426
-7.6303
-12.16
-8.3588
-6.2983
-4.8188
-7.815
-13.847
-14.48
-5.1554
-7.3108
-3.5052
-2.7501
-20.068
-7.2183
0.34161
-16.915
-13.423
-4.4641
-1.4559
-4.8572
-5.5645
-7.6825
-5.8466
-4.0623
-18.077
-11.35
-4.9844
-1.4518
-6.5392
-5.1359
-6.309
-6.6263
-4.6122
-5.303
-11.497
-2.6643
-4.2467
-15.203
-5.0454
-1.9225
-6.506
3.51
-18.457
-6.5895
-7.9282
-4.0104
-14.03
-9.3891
-5.3347
-6.5655
-3.9189
-4.0278
-12.559
-4.8929
-2.4849
-4.825
-7.2352
2.2503
-5.6522
-4.4445
-1.5152
3.2328
-1.4088
-9.1668
4.862
-2.0606
-4.9461
-4.796
2.5075
-5.3519
-3.5743
-5.0242
-3.9541
-8.3227
-8.745
-4.3674
-7.8033
-6.4345
-3.7689
-7.2876
-4.7482
-5.4121
-5.5076
-8.1014
-5.538
-5.4648
-1.1837
-0.39931
-4.7609
1.3202
-16.614
-4.7869
-0.70688
-3.3263
-2.8405
-5.6556
-6.3991
-3.2911
-6.2384
-6.3454
-10.744
-6.3844
-7.9278
0.092179
-7.3933
34760
-5.9369
-56.613
-3.4164
-7.7003
-8.8969
-3.7992
-4.7482
-0.20075
-9.3345
-2.6065
-4.8332
-4.0651
-0.56811
5.3058
-7.5421
-4.3354
-6.7163
-5.1217
-8.4731
-1.742
-6.9575
4.7693
-3.5852
-3.2416
-6.4381
-6.3781
-13.381
-6.7923
-7.8273
-6.5323
-13.26
-9.2478
-3.803
-26.704
-4.8845
-2.527
-5.566
-45.258
-3.9503
-22.22
-15.467
-7.1937
-6.2079
-2.0655
-4.2406
-4.4
-6.8763
-6.5418
-0.34355
-2.9361
-6.756
-5.4477
-13.12
-4.8403
-5.1609
-3.3733
-4.8066
-4.6987
-5.0339
-6.4467
-2.6027
0.13789
-4.5518
-8.2164
-7.4849
-5.0697
-7.2549
-5.8177
-3.659
-3.1798
-7.7208
-9.4747
-7.2422
16.721
-4.5234
-15.193
-8.2374
-4.3689
-3.9676
-8.1321
-4.9672
-6.0835
-1.3979
-23.056
-4.3884
-6.4039
-4.9462
-3.461
-2.8965
-9.534
-6.3359
-4.0329
-9.6022
-5.2913
-6.9733
-4.1945
-5.6887
-10.626
-5.5854
0.60708
-383.47
-3.7868
-6.1387
-4.0771
-6.8291
-4.5611
-6.2772
-4.0453
-5.8169
-14.306
-6.1995
-19.309
-12.042
-32.63
-5.7314
-6.9121
-5.2354
-11.002
-5.4786
2.5231
-5.4142
-5.5007
-3.3296
-4.129
-7.1757
-6.4886
-3.2099
-7.4209
2.5602
5.6304
-6.3193
-7.3539
-6.3287
-4.9539
-7.068
-6.0587
-1.4397
-5.2511
-4.6708
-8.3155
-7.1632
-10.686
-7.529
-7.6578
596.66
-4.7906
-4.8814
-0.13646
-5.782
-4.9021
-6.3041
-7.3102
31.403
-2.8108
-7.1723
-5.2206
-9.8816
-7.1773
-13.429
-6.332
-5.876
-39.456
-3.6446
-5.4153
-6567.1
-5.6429
-3.6079
-5.2327
-5.8878
-5.2205
-16.199
-3.9604
-7.1015
-3.7644
-4.9306
-33.735
-10.11
-6.3924
-6.8874
-6.0774
-7.2221
-8.119
0.88999
1.2979
-7.7045
700.34
-6.4927
-6.895
-6.2991
18.975
-3.2778
-8.0798
23.274
-3.1133
-2.3294
-5.0098
-10.709
-3.2439
-4.9053
-8.3182
-1.8146
-6.0261
-3.4682
-15.467
17.852
-4.039
-3.6016
-5.8016
-6.1005
-5.8473
2.2623
-3.5216
-4.4623
-7.7492
-6.1567
-7.1692
-9.1262
-5.338
-2.9977
-67.181
-4.6311
-4.8118
-7.6677
-5.2489
-5.8414
6.7961
90.918
-13.989
-4.5467
-5.939
-5.0614
-7.1252
-6.6546
-8.4578
-7.4083
-9.8847
-7.5009
-6.9325
7.6251
-5.5473
-4.6822
-4.5306
-9.8483
-8.0034
-1.8089
-8.0247
-4.6524
-1.2994
-16.935
-13.41
-3.3657
-6.6208
2.6322
16.671
4.4178
-12.853
-11.385
-8.9008
-4.6245
-2.883
-4.0119
-3.2159
-5.2441
-8.0937
-30.937
-5.9782
-9.0996
-160.11
-5.0039
-5.7219
-6.9585
-3.5976
-15.962
-6.5862
-2.3445
45.204
-7.1484
-6.7146
-8.5205
-31.747
-0.83677
-7.2126
-5.3366
-5.887
-1.944
-5.0173
0.72947
17.741
-410.81
38.975
-11.813
-9.2094
-6.6152
-4.0805
-1.5126
-7.6722
-7.3091
-10.054
-2.5327
-6.6388
-5.9844
-3.2703
-8.1532
-4.8337
-7.6736
7.3825
-4.2985
-6.5522
-13.543
-22.327
-9.5654
0.76945
-4.7809
-5.8631
-1.8086
-1.7349
-13.249
-3.0081
-1.9337
-4.5213
-14.318
-0.61492
-7.1416
-6.0165
-6.703
-2.3074
-4.2263
10369
-2.9092
8.9794
-10.518
-4.6274
-5.6956
-4.5824
-7.3036
2.3726
-5.4488
-8.1242
9.6632
-9.3133
-7.7966
-1.4396
-5.9403
-6.2443
3.144
4.6879
-9.8518
-13.981
104.7
-5.5371
-3.8081
0.41354
26.25
2.4312
-62.295
-3.9741
-13.208
-8.9158
-4.9073
-9.444
-3.9459
-4.0345
-7.7274
-4.0121
1.4558
-3.4325
-5.8084
-6.3408
-5.2112
-5.7226
-6.0636
-4.6382
-13.536
-7.5918
-9.3918
-9.9864
-9.5232
12.538
-2.8868
-3.3246
-6.0522
-1.3834
-7.3794
-4.7901
-7.0877
-8.2383
-4.6442
-4.739
0.41331
13.772
7.8213
-7.5559
-1.5447
-6.3803
-3.7982
-26.755
-7.4887
-29.042
-7.0295
-0.55647
-6.3444
-4.2233
-8.985
-6.1363
-11.432
5.0695
-2.1487
-4.6267
-5.8327
-9.8367
0.16208
8.9358
-11.365
-27.213
-6.2266
-7.4809
-2.8429
-8.0559
-7.3462
-14.224
-7.867
-5.5137
-6.4891
-6.2216
-4.0134
-3.7153
-4.7465
-10.181
-4.29
-9.0485
-4.8654
-13.732
-0.15029
-8.489
-4.7699
-7.5801
-29.016
-7.5044
-3.4815
-1.4105
-7.7244
-5.8812
-5.6344
27.874
-9.0452
-0.6571
-4.2068
45.519
-8.1807
-7.766
-7.2232
-10.9
-8.7288
4.1284
-6.7033
-3.9518
-7.4049
-5.8675
-6.215
-6.7186
-3.4045
-3.9686
-5.3568
-7.5054
-1.7488
-9.2689
4.0559
-7.4
-6.5888
-3.8288
-6.7377
-9.5177
-4.4537
-4.9243
-5.7679
-7.0631
-6.7303
-2.6442
-7.6148
0.39073
10.375
-5.701
0.49635
-5.3746
-4.8285
11.346
-6.1144
-6.1535
-2.8577
-3.1776
4.3168
-3.1018
-7.1028
1.0655
-4.1231
93.122
-5.8684
-3.3018
-4.1958
5.9716
-29.982
-6.5404
-7.3133
-8.4308
-8.3953
-2.7532
-3.1856
-1.1372
-6.1369
-8.5945
-6.517
-5.6992
-10.007
-21.984
-6.7699
-7.1209
-3.3983
-9.1244
-4.4395
-4.8864
-5.3592
3.0641
-5.5762
-4.6344
-8.83
-4.3103
-6.4108
-2.5665
-7.7848
-6.4461
2.3561
-2.907
-2.2639
-7.3412
-4.0977
-11.02
-3.4125
-3.9777
-49.805
-40.187
-7.9064
-3.7274
-10.739
-4.5455
-5.4746
-8.9726
-5.6607
0.58692
-3.4515
-5.2528
-7.5448
-6.5383
3.4944
-6.5756
-8.0175
-5.6668
-4.9459
-3.0482
-56.062
-1.9621
-9.7416
-0.50242
-5.1368
-11.797
-5.7653
-3.4556
-3.2525
-3.9468
-5.3123
-6.1052
-4.9485
-7.5975
-3.9173
-4.1983
2.0484
-10.122
-3.4792
-4.9171
-15.58
-5.7114
-3.4139
-5.0754
-6.3485
-6.5847
-2.3111
-4.3805
-4.8226
-4.4378
-20.06
-9.855
-6.6318
-4.6555
-4.8063
-4.4851
5.6007
-7.5157
-7.3078
13.518
-6.8372
9.3576
-6.8025
-5.8882
-6.0348
-5.9851
-8.5695
-3.4516
-2.8831
-7.6439
23.67
-4.6055
-6.8201
-37.322
-8.7192
-4.3239
-4.8028
-6.7751
-11.765
11.538
-2.8979
-7.5964
-13.459
-3.8878
-5.7683
0.72812
-0.81612
-8.5822
-4.7646
-3.3971
-8.1553
-6.4956
-22.9
-17.568
-79.181
-11.163
-7.4603
-5.6235
-6.8229
-0.67598
-0.13132
-7.6474
-6.2961
-8.3261
-5.1729
-6.5179
6.3894
-4.6659
-6.7036
-7.6619
-5.286
-12.788
-7.4979
-3.5353
-4.3632
-6.4573
-4.1889
-6.6461
-3.7346
-5.6161
-10.756
-0.6323
-6.7408
-0.12201
-1.5246
-4.6008
5.0024
-4.0038
-5.6225
-3.7981
-10.299
-4.2728
-2.0734
-7.736
-4.052
1.8271
-6.3634
-7.4743
-4.7545
-5.5252
-6.7095
-8.7736
1.7714
-6.6897
-4.8913
-8.059
-4.7897
-3.6563
-4.7012
-3.5371
-4.1283
-3.9054
-6.0768
-4.9071
-7.6813
-2.6504
-6.6361
-4.7646
-4.489
-5.415
-13.619
-6.4454
-9.7401
-51.268
-8.2143
-10.025
-5.0331
-14.72
-5.5803
-1.9322
-5.9578
-8.9525
-7.9116
-8.3484
-4.4416
-5.3886
-5.4991
-3.1497
-4.6231
-3.4239
-5.4382
-19.902
-4.5732
-6.9164
-6.4884
-4.1943
-5.1846
-7.7965
-8.4624
-7.1943
-6.3629
-8.009
-3.7917
-1.9981
3.8732
2.1557
-7.6366
-4.8076
-3.6189
-42.91
-6.5344
-7.2788
-11.003
-3.0178
-7.5846
-11.241
-2.8819
-6.6087
-3.0579
-4.5217
6.769
-36.584
1.0363
-12.226
13.569
-4.9224
-8.6551
-2.8605
-4.7259
-9.9961
-5.2951
-7.3891
-155.91
-2.862
