4.8117
3.7097
-4.544
-0.44956
12.29
13.091
1.3092
-15.223
8.2308
-0.43566
19.686
-8.6054
-4.6365
13.709
13.269
-0.071375
-224.53
3.2314
-2.732
-6.877
3.5258
-3.3059
-2.2787
3.2246
3.9628
4.9125
-6.3509
-6.9933
-2.5969
0.46966
-12.272
7.7511
-0.55333
0.20388
-41.17
145.15
-96.288
9.5903
-2.8501
3.2505
-0.51356
4.8303
12.282
-50.372
6.2767
3.0892
-12.513
-17.5
-2.3993
11.235
4.5515
-20.477
2.3092
-3.7999
-17.048
16.79
-3.2647
1.9942
23.015
6.0634
-4.4821
-10.185
0.64695
-12.087
-5.604
-7.6918
-1.8099
-32.879
-6.0179
11.558
7.4982
73.381
-7.0995
-0.061249
7.2309
-1.5528
8.5142
-10.749
-9.5691
144.53
-1385.7
-7.9256
12.635
4.3421
-5.8134
12.691
-47.939
6.1689
-11.495
6.1571
-12.464
-5.6129
6.2341
8.4602
4.3181
2.026
-3.1064
-3.8155
8.317
-0.21862
10.981
31.944
-141.42
-0.92626
-5.3442
-2.9528
6.1095
23.1
9.6661
1.6403
-2.2686
3.4365
8.7426
4.7048
-369.46
0.8647
-2.9534
9.4977
-40.152
6.0038
9.2827
-9.3393
1.2053
-27.798
-12.262
67.924
6.6349
-10.675
-15.864
22.611
44.26
-8.4641
-6.8692
-3.4807
39.629
-0.57789
1.8881
-1.4417
3.6896
-16.027
-8.7449
37.412
-15.27
11.345
-10.661
2.4054
-41.692
-0.24901
-7.904
-11.905
7.0883
-309.09
-8.7069
2.7118
-6.4671
1.2399
-31.631
7.815
-3.0201
-2.2576
-1.0801
15.021
13.393
-134.26
15.237
4.1903
4.4671
-0.38691
2.5299
1.8005
7.0987
1.1911
-21.042
24.921
-1.369
-3.2068
32.995
2.268
6.2783
4.4692
2.4161
-90.647
2.8712
-6.554
19.479
0.45731
-49.161
1.8455
17.608
-20.236
16.336
-8.9035
1.3712
6.6311
-8.9676
4.78
-2.6083
-3.9846
7.928
4.8098
0.18154
1.5133
486.32
3.4223
6.2388
-21.551
2.9982
2.7721
-10.953
-5.4242
-4.3612
45.779
3.2365
-2.3326
-4.3012
0.068785
0.63068
-0.26077
-5.4935
33.172
32.791
5.1882
-17.319
-2.5454
-1.5842
3.8175
6.647
10.029
6.4822
1.6928
-1.1102
-2.9876
125.77
8.0013
6.3527
-9.5009
-8.9117
-1.5626
-29.669
9.0362
-1.6844
3.2735
5.0598
52.036
56.219
-5.4666
4.4514
3.7043
-11.626
3.3736
12.718
132.47
2.7803
-7.473
-6.365
-3.5201
-5.8005
0.1522
13.492
1.277
-2.8614
3.3611
5.6943
-49.18
-0.15244
-3.7484
-5.4918
-17.552
8.737
-5.7552
-6.562
-5.0031
10.887
7.4363
-7.1776
-6.0613
2.9088
36.743
-29.13
0.50317
-12.771
1.5189
-11.292
-8.7642
-1.4238
-3.062
7.1897
-4.4392
1.401
-13.478
-4.4797
-6.9926
-6.6728
-6.9745
5.1999
34.248
5.3409
3.3491
-0.94043
-30.881
-3.7619
0.00097135
2.6188
7.25
-5.5139
3.9051
-9.4914
-2.5763
29.088
-10.058
18.359
-1655.8
-0.81207
-1.6062
-20.626
6.4153
4.6224
-1.6292
-7.1344
5.0185
81.066
-3.3149
-7.4319
-2.5051
702.26
-12.651
-6.046
9.5857
-0.6179
7.4026
-1.8195
-2.7794
8.0573
-4.7651
-29.764
79.192
-24.392
9.5274
52.36
-7.4273
-116.01
3.5844
-1.9785
7.6945
-1.5948
131.64
1.187
-0.48793
-14.666
-16.458
1.0779
-116.05
-19.462
-12.976
-0.66184
-4.6955
-8.5027
5.8285
1.6915
25.205
1.0008
59.673
22.115
-9.9949
2.5125
11.037
3.5411
-11.909
10.27
0.29653
-4.3448
9.0275
-3.1554
-0.75538
-21.72
-9.5696
-5.0922
-22.793
-2.9586
-6.8796
4.5416
7.1062
-5.2557
37.407
-6.2935
5.9915
2.0838
-10.2
-10.095
3.6216
-6.2464
12.9
2.8502
11.397
1.121
1.0122
0.76961
38.21
-2.1302
-1.4293
2.3132
5.4466
20.416
3.6572
23.438
-1.5141
11.572
-48.296
14.203
-3.8233
-1.067
-3.1054
-6.4041
9.7871
-7.1087
0.55585
-4.6173
5.6845
-54.837
0.94472
-5.0345
-0.9933
6.5941
0.074052
-0.72027
11.751
-2.2438
-0.1409
-4.0164
-4.511
-3.9792
-2.9342
-30.856
-3.213
-24.406
4.9227
-1.9866
6.4552
2.8826
-121.99
7.1304
1.9624
-0.85731
-18.164
1.1525
-6.6479
4.4494
2.4702
-6.8371
19.923
-4.3954
26.281
-7.2155
-72.849
-1.5698
9.2873
-9.288
-26.019
4.2
1.5399
-8.4888
-27.03
4.5478
18.756
4.4117
6.139
4.1944
8.9176
62.982
-4.0111
14.791
1.6309
-11.088
12.435
-13.756
28.47
-2.5402
2.1783
-4.2422
-5.6575
0.87571
-1.6612
-71.33
-1.4368
-1.7285
-0.67623
-2.2626
-0.50932
8.3499
-9.2972
-2.7122
17.469
151.4
-7.2343
1.8854
-10.966
116.47
1.4137
8.5205
-2.7248
5.6758
3.8199
-2.8661
9.8431
154.75
-0.59357
5.4989
-15.379
4.1878
-4.8966
0.3789
0.11123
1.1224
-6.7638
19.924
-10.706
-4.1474
7.6056
-3.8735
-1.1695
-6.421
8.7312
-2.5176
-0.72029
-0.73032
-350.38
-2.41
0.77655
1.0053
-83.374
0.08479
8.1461
9.5803
-0.52097
-11.865
-4.9274
-16.931
-0.40997
6.8538
6.9521
2.9306
-2.9331
7.4734
-8.9293
0.12542
14.193
-3.1722
35.16
-3.4658
-5.4373
2.2501
5.1561
-2.1082
-2.9178
9.9186
-22.848
6.6213
5.8243
13.817
-1.1113
0.3335
-0.3363
-5.0227
-5.3828
5.1578
5.9023
-1.9895
-5.1958
1.6265
-9.4864
-33.692
313.78
-2.4872
-1.8665
-4.8522
7.0639
-3.6189
-11.688
3.8997
-1.9316
-5.3824
6.7712
3.8503
-6.1561
-4.3164
-25.033
3.7842
8.2779
5.2789
6.1325
-7.0501
12.301
-1.4718
-61.287
-7.6906
0.86924
-31.725
17.936
10.224
-3.2796
64.468
5.2747
3.9776
-5.5903
11.507
-6.5632
-10.031
-1.0074
6.1951
-15.882
-9.3637
2.1289
-3.04
2.5389
9.5337
-3.4385
3.2551
21.869
-3.507
16.512
-8.4227
20.745
-1.2663
-4.5324
-2.9118
39.805
-6.6453
-6.3207
7.3687
-1.3374
-5.3464
-11.087
1.7322
-2.7441
0.91193
1.8089
21.649
13.094
0.7875
55.289
2.8088
-0.69856
8.146
-6.8194
0.64052
5.1128
5.9613
-2.2143
-1.4653
4.1172
-20.283
-5.5518
-4.3818
-7.3215
8.6915
1.7511
-6.1495
-8.6568
-3.305
3.8755
-0.18326
-20.524
-18.364
57.667
81.942
-38.899
-12.914
-5.9414
-8.7441
1.4581
5.1335
-6.8633
-6.0401
-6.3991
-68.785
-7.2686
-5.0625
-606.38
2.1074
2.1265
-5.1956
-3.8913
19.715
-0.36067
-1.1424
-4.4778
0.90819
44.572
-4.8491
-13.107
135.05
31.544
-9.3184
14.889
-18.933
8.006
4.945
-9.1498
4.2863
0.86415
1.4734
0.33185
-3.0415
-2.0217
2.3516
5.6615
-2.3482
6.2453
0.49686
-3.9441
-11.229
-8.8464
-235.43
-3.5431
0.67178
12.121
2.5279
4.3419
-1.5024
-0.93033
9.4433
27.502
5.8047
-2.4399
-4.9493
37.592
11.163
2.6497
5.4702
-2.7582
0.18569
0.84452
14.444
5.0786
7.8434
53.29
-0.41109
0.20687
9.2079
-4.6339
0.92784
-0.66937
-7.0051
-0.053781
3.7385
-29.599
-71.935
-9.478
120.17
-14.193
-27.626
80.164
1.373
3.3678
8.2382
4.6851
9.2594
-12.6
35.095
4.423
7.461
-75.009
-9.3685
3.4302
-6.0203
36.077
0.53642
-48.204
1.6495
-0.94685
9.0905
-6.4362
4.2372
3.2197
-16.425
-89.843
3.4372
-93.444
21.422
1.2377
-0.62944
-10.673
-9.4469
6.162
-5.4187
-5.0869
5.9877
-15.879
-4.317
-116.02
-5.0554
-19.739
3.9084
5.6193
0.75485
2.5856
-1.0556
17.81
4.2102
-3.6455
-1.42
0.87146
6.4599
13.5
5.3303
3.4369
5.9356
-1.3808
2.0402
3.4369
-29.621
-8.8305
-4.036
-1.5977
1.6372
6.9238
-69.413
-1.1682
-17.053
-12.717
15.199
8.4785
-3.5307
-7.1453
69.93
-12.904
102.77
-7.4997
-23.197
2.9739
-11.979
-4.5007
12.989
-0.37823
4.7981
-9.402
-5.5306
2.0349
1.2262
0.81089
5.7475
12.441
-19.214
99.871
-31.979
-0.0057498
-28.665
-0.55918
-4.1448
-2.3189
0.2566
0.37935
-29.388
545.59
12.401
-2.316
0.93284
29.653
-0.15894
1.9266
-11.242
62.559
7.3605
-15.443
-3.3055
-3.8225
-6.736
-4.1237
-19.376
6.1593
3.2083
58.628
0.080067
-7.4034
-1.1501
-87.108
-11.395
-7.6672
1.2066
-2.1558
-7.4085
-28.058
6.3524
6.7785
-14.904
-4.0825
-10.616
-12.222
4.2208
-3.1731
4.08
-22.785
2.2129
40.644
4.1159
-52.306
6.2294
3.9073
29.419
-8.182
7.0345
-11.106
5.1629
4.8409
-11.574
-9.5737
-5.0544
-10.135
-8.7933
-0.51613
5.5094
31.997
-1.4064
7.0087
-3.5606
6.5972
6.7093
5.9652
3.0871
0.79522
25.808
9.8398
9.6562
-8.2959
-1.6896
-5.4563
46.855
225
4.2888
0.24803
-7.9305
-22.503
-335.49
2.5648
0.41587
-3.282
-7.9509
23.242
2.064
-2.6142
7.3157
2.7339
-5.7947
8.2776
0.86858
-9.6335
-19.235
0.3218
0.2962
1.2411
32.471
1.6158
-0.68923
3.4306
0.70716
-5.9582
-1.1048
-9.6614
437.89
-4.3675
-44.798
11.735
0.28783
0.69452
12.022
-1.9917
9.208
-5.0725
-2.7104
-82.942
-7.5701
-0.63966
6.3179
10.638
-1.853
-25.357
-16.346
47.053
-1.7006
-0.49089
7.2771
2.5254
0.85555
18.934
33.559
4.1565
-14.427
-14.478
3.758
6.2012
3.3555
-1.6858
-1.7432
11.003
-0.94972
19.066
-8.3268
-112.25
8.7364
-10.69
-3.9497
-7.2775
1.7683
43.056
-8.5122
-2.7582
-8.7445
-5.6996
-1.3102
40.613
2.8104
5.7007
-3.7324
-9.4571
-10.552
-20.182
-8.7077
-19.18
15.437
18.931
10.175
1.2638
18.325
-2.1115
5.5543
35.634
-11.434
5.3138
4.237
1.8423
-1.0271
0.34736
0.18567
1.8779
1.5946
-2.3555
-0.73743
0.54276
2.7922
6.8606
-2.4095
-8.3489
1.6659
2.3759
73.679
-76.137
-3.6321
0.067128
24.339
-0.8086
4.0489
7.6652
-4.0222
1.206
-0.052959
-12.36
-7.6516
23.092
-14.129
-12.561
3.4028
-308.04
-33.609
10.215
46.2
-8.4528
59.824
1.9978
-7.0698
-19.986
12.809
22.852
18.715
-3.4118
9.3782
58.019
7.3886
-7.1316
-4.5202
-11.708
-0.93957
5.0865
6.6032
30.466
-63.545
15.175
-13.28
6.5281
-21.303
-12.193
30.431
-1.7491
3.0545
7.0599
2.0256
-9.443
11.663
0.40067
-16.91
-2.5153
16.084
-22.61
-1.6364
1.2282
-1.8896
-5.4582
-1.1677
15.607
0.13521
-6.6104
-2.2335
-11.286
-7.72
-12.97
0.86983
-6.3887
-2.5961
9.7431
-5.1352
2.1181
7.3696
-38.567
11.61
16.595
1.3682
-10.486
1.274
-4.4592
2.4657
-15.115
-3.5612
4.4611
8.6931
2.6576
11.568
5.6797
6.3726
4.1372
15.893
4.4455
2.8462
-122.36
0.4526
-0.61154
-0.63417
-3295.1
0.66797
-1.2613
12.484
-173.23
7.7932
1.0878
23.845
-23.712
-2069.1
-14.273
-26.029
3.069
-2.9887
14.222
-6.6174
-18.953
7.395
2.7643
-3.1121
-1.7618
4.0197
-3.6042
21.702
-0.76567
-11.68
23.927
-1.41
-0.35239
6.733
-74.529
0.98003
3.055
3.8053
-2.0407
-92.753
-32.539
-5.2596
-5.5157
2.3392
11.817
-1.575
-4.9109
-7.2082
9.5262
7.7185
5.4433
1.5597
-3.5994
-2.6085
-227.88
1.7987
-3.4128
41.164
-20.835
-51.329
1.2292
0.24706
85.425
-27.697
-28.615
15.558
-38.105
-0.1437
-10.9
25.268
10.142
-0.10256
-0.064079
-2.1253
-8.0698
-4.8375
-59.96
-1.0276
-7.4084
-2.512
7.1066
1.7019
6.5553
11.028
100.01
-4.1313
-4.836
-3.9288
3.9412
8.8945
2.663
-7.4147
0.82625
40.86
10.039
0.72753
-1.9663
47.678
-10.683
-17.935
-6.0942
6.7607
12.43
-48.909
-9.7037
13.853
27.361
-893.06
-11.748
50.309
16.311
0.52864
-39.133
5.8398
30.002
4.7277
-3.4901
-0.076425
-49.418
2.1855
-4.0498
0.74682
10.759
1.2302
-6.0243
-50.147
6.4128
-4.2092
-19.366
1.0541
-14.398
5.0824
-8.4616
-0.49077
-11.142
9.2427
6.1077
-0.41016
-6.1701
5.8658
2.4774
10.598
0.27873
-25.807
1.1559
2.9858
3.9483
0.3594
21.124
1.0613
-13.675
-4.1676
-6.8508
-35.333
18.271
2.8156
-21.074
-14.222
1.8463
13.125
-3.3733
-7.5025
10.453
14.787
0.036228
-2.2939
8.2388
0.94426
-13.624
-3.0042
1.0447
7.4562
7.294
-7.3674
-6.5436
1.0313
-3.5612
-13.685
58.04
0.13794
-1.927
-7.2026
4.4547
2.9353
1.4821
0.22941
8.1214
1.1153
-18.071
-2.0117
-9.3615
3.5614
3.3591
-1.8844
-12.479
-10.536
-10.663
-4.4619
10.273
-2.2407
17.671
-41.066
15.035
1.0358
28.26
-2.0346
-4.5747
14.057
-3.6892
4.4274
-2.594
9.1733
1.9417
-1.4481
5.223
2.8675
1.8805
1.6881
-12.366
-0.12941
-5.3802
-2.1847
-2.4531
73.167
-10.072
273.43
-11.644
-0.48775
3.0179
4.7404
1.4106
8.4313
-3.711
3.6122
5.2583
1.1904
17.51
6.3888
-8.7191
1.9747
-0.7938
-55.537
712.99
-16.009
21.782
2.5221
2.8506
14.609
-4.614
3.5633
5.2285
22.845
4.1926
-3.9808
34.855
0.80144
-4.4889
-5.226
15.593
2.0689
-0.69848
3.6224
-2.0094
4.1472
-0.15282
4.7922
-4.4746
0.31861
-1.9845
-7.809
191.04
100.95
88.681
9.6109
4.1567
-5.5017
71.601
-16.318
-26.295
-37.03
-1.4486
-16.25
20.592
-3.6389
62.237
-2.817
2.288
3.3853
-10.252
10.08
21.273
-51.995
-22.658
7.3469
-8.997
2.4129
-4.0751
-12.117
-14.23
3.4855
-0.080477
4.5363
26.386
-1.6811
-7.0244
-0.034664
-0.10104
-3.2745
-7.0566
-1.9542
6.0446
-11.779
-7.9075
-1812.1
25.382
0.2198
2.454
0.15976
4.0005
7.8546
18.592
3.5406
6.3026
-8.4513
-56.259
0.41609
0.11415
-50.613
-57.739
-19.308
8.6186
3.4341
-0.94431
-9.5109
-16.208
15.932
0.28259
-3.1686
5.9982
4.4218
0.57564
72.806
1.4757
-0.44201
21.038
-10.167
4.4766
-2.304
0.16854
5.174
-3.7928
5.2388
-3.033
-5.6721
-13.004
3.6795
-125.41
-12.993
17.534
29.673
8.3863
-12.536
6.7708
5.4644
7.0652
23.366
-35.365
11.197
-3.7466
8.5475
-6.5401
3.4571
8.9344
-0.74649
-4.8236
-15.568
4.0555
0.159
-3.001
-2.0745
2.7981
-2.9316
10.129
-169.21
4.0813
-0.48187
-2.3105
5.3867
0.12213
-2.7726
-3.2364
8.1584
-16.419
-0.69566
3.293
0.69157
6.4988
1.3361
-6.0841
11.065
14.078
545.81
-6.07
-7.1041
-2.5093
-4.2711
-17.284
-5.2855
10.948
7.772
3.1564
10.861
2.4587
18.871
-10.23
-3.6632
3.0501
-4.3895
18.183
-0.17382
25.232
19.244
1.4953
-5.2275
0.94163
10.648
5.8593
-4.8808
14.343
11.627
37.502
13.326
1.9983
-5.024
-4.6891
-29.432
-6.6957
-2.8268
5.6176
-2.4332
-5.5767
18.796
-2.1475
-2.2501
1.4537
3.1968
5.7316
-2.6384
25.7
27.004
-0.3645
1.4228
0.62046
-13.962
-11.21
-25.018
7.0193
-1.0518
-4.7202
-177.8
-2.5882
16.784
-6.8734
-8.4076
-7.3352
-1.7533
-12.256
-2.1196
23.663
4.4405
-87.171
-2.1472
12.522
-12.067
-0.47719
4.4233
23.335
-0.97103
-53.691
4.5197
4.6886
0.89193
-1.0165
-0.73631
17.689
21.677
-6.3411
0.91783
-4.0823
254.41
-21.482
8.9209
-7.4468
1.979
2.4992
1.5007
2.0722
1.3085
-8.2054
-1.3594
-0.64856
1.5886
24.64
5.7921
-4.1325
8.1979
0.7315
-3.2876
-22.988
0.31404
9.3953
16.701
21.308
3.8536
-16.125
5.318
-0.24229
-1.4936
-24.486
0.12559
-5.8094
6.2179
0.93461
7.9415
6.5622
0.16559
-9.0009
-5.7511
109.4
3.5282
1.2073
-159.72
0.42621
6.3987
10.747
10.778
11.296
6.9135
13.755
-3.9575
0.79567
3.3658
-5.5449
6.6994
-20.364
-747.27
-5.6734
-9.6057
-1.1765
-5.7261
-1.4603
0.3004
-3.8547
2.9925
-1.6417
23.08
2.64
22.909
-0.56711
-1.6568
3.6897
1.8611
-0.49484
-7.5388
0.13626
3.1084
10.488
60.635
32.944
8.6569
7.4658
1.5154
-25.233
-2.4281
-2.0518
-28.158
30.898
10.402
14.724
24.88
-16.727
10.541
-3.4851
-0.052206
-1.1322
-14.013
1.2486
-1.404
16.188
17.46
3.5818
-5.4635
-6.4509
-3.4526
-9.3585
-4.1631
-4.98
-41.494
-1.863
7.8979
1.081
153.07
-1.2433
3.1325
5.002
7.3328
-21.055
11.355
-2.21
4.2802
-4.2436
-27.36
-0.30161
5.557
-3.6408
-126.05
0.15605
-3.6862
-11.897
6.3067
-3.6744
-0.036448
-2.8933
15.462
39.694
-7.8728
-14.378
-16.223
1.1014
-10.435
5.7829
3.7315
8.8296
19.143
11.324
-0.13548
-5.2362
5.7527
9.3709
15.301
2.1814
1.064
-250.36
11.785
-5.2141
-1.6991
-1.0129
8.9828
17.785
14.46
-2.6628
-17.237
8.6987
16.444
-5.4729
5.9373
10.381
0.40063
18.11
3.6325
-0.53688
-87.95
-6.7004
3.8845
14.749
24.377
11.978
-40.468
9.7023
-12.341
560.35
2.2611
6.9295
-0.97906
-1.8504
-4.5652
3.2643
-6.2081
-10.247
4.2939
-16.602
5.1102
2.9125
23.726
-15.905
-0.21604
1.8951
4.4432
17.121
243.13
-3.7778
1.0767
430.99
-9060.1
-20.906
18.753
31.896
-2.8009
10.929
13.24
1.7678
-9.1281
-0.33553
3.2722
-7.0551
11.327
10.304
21.301
57.806
7.1994
439.34
0.56973
-3.0486
23.129
-0.87986
-3.9504
7.7765
0.51325
-10.923
5.8744
6.0246
-6.6806
0.21189
-3.9568
7.644
-9.8257
-1.8312
38.977
-16.7
-57.607
2.7925
5.4071
15.686
-3.2234
-55.43
-10.16
3.9727
0.929
-11.451
-23.627
3.9189
8.9373
6.7722
7.8541
-3.1652
-15.334
15.336
23.366
-7.2069
128.51
15.33
5.7058
9.0311
-1.2351
6.7573
-9.6346
-7.1667
16.391
-7.389
-1.2203
-9.2566
-262.06
1.1024
2.1059
-0.050543
-12.709
-1.1029
-6.2185
18.137
3.7753
18.306
-227.59
-2.8383
4.0239
5.0649
-1.4726
8.3282
4.8287
5.0193
1.4992
2.087
3.0544
10.364
-3.3563
17.135
2.835
-13.155
31.525
-0.9642
-1.4907
0.41596
1.0514
7.2728
12.243
-1.4492
-6.8514
-9.1093
-14.147
16.398
17.158
3.3708
-0.16406
7.1414
-15.73
0.028401
-7.3391
0.085442
-6.4088
17.02
1.4257
6.6064
-6.4098
-0.080655
-8.5686
4.8576
-2.0179
-1.8997
-6.3479
-8.4706
24.975
-0.3557
-4.3294
2.5609
3.4647
-4.8619
7.356
-71.277
3.3727
-2.2626
-4.8665
4.2437
1.2711
2.6406
-11.711
10.515
6.7337
36.594
-7.0189
2.5487
2.5892
15.161
1.0581
4.3431
-23.219
0.28967
5.9974
-1.0845
14.779
84.555
-7.8013
-16.198
-2.074
-7.8987
0.12952
12.028
11.312
5.9294
15.801
-15.393
3.3157
-0.2619
-2.6752
-13.645
12.683
0.7185
-0.55679
-5.1763
-68.437
-74.78
6.3025
-2.3607
218.43
9.0854
-5.6576
-0.6249
-3.9791
-8.1819
-0.042242
373.79
9.6556
-5.9297
1.3269
1.3001
-0.047001
13.455
39.91
1.2617
8.178
-4.8144
-0.81464
23.432
5.0637
12.675
-7.3252
7.8945
-8.9798
6.5963
-5.5431
-2.2795
-5.2407
10.464
3.3169
25.592
41.724
-5.2536
-9.4709
-49.921
197.01
-26.312
11.509
-66.397
26.623
23.297
-1.5982
-9.1175
0.36902
13.774
0.57392
-5.8658
31.185
-8.397
-23.032
-10.206
-8.1969
2.108
0.80884
-178.58
14.776
4.1033
-8.2357
-10.016
2.7411
0.095362
3.0996
2.3602
0.35297
2.0532
-0.53918
-0.30827
-32.624
-4.86
-7.1168
19.465
19.486
11.184
11.704
3.4266
-36.833
-4.0001
0.7316
-90.655
2.4928
-1.6077
14.775
11.134
-13.253
-2.4157
-2.7214
10.238
8.2423
-7.6157
-6.2648
-2.5904
-1.7348
-1.7253
-36.347
-3.6511
-13.724
-4.2771
22.198
7.0786
-1.859
-2.9035
1.0433
-7.5362
11.748
-304.35
2.6766
14.141
0.075767
-3.3169
8.56
76.08
3.4659
-0.19228
-10.771
0.37029
5.6788
-11.924
-48.105
-0.81013
22.239
-2.6098
21.155
126.33
-1.4261
7.451
-14.325
6.641
3.2255
1.5662
-14.501
-3.8602
1.7563
-5.2045
-8.574
-1.9331
-4.521
-4.8441
12.807
3.7585
10.277
-297.62
-15.661
0.68065
-11.207
-2.6857
-0.22654
-23.279
-11.218
-15.714
-14.151
-2.8011
18.652
-3.6322
-3.1688
-7.758
3.7158
0.42253
7.9374
-22.399
4.4023
1.7153
20.01
-6.0026
-5.1887
9.3587
-6.0402
6.7202
13.001
-41.116
-5.2332
7.1619
-0.21384
5.9133
34.68
-5.1952
5.7738
16.594
-0.571
0.6956
14.561
1.798
-77.391
-16.646
8.0144
-1.6537
1.339
2.2638
-3.45
1.5064
-3.1151
-14.366
-4.706
6.5952
-0.78032
-2.8601
1.8807
4.3833
30.16
3.804
-18.366
12.405
-11.643
-5.0332
-17.342
-5.4077
-10.058
-19.191
7.4025
2.1155
1.9944
1.6842
7.867
-3.9813
2.9565
5.0927
6.5313
17.429
6.413
1.1109
-2.2907
7.995
-3131.7
4.8401
9.9882
-1.638
-8.6129
-70.889
8.2213
-0.51677
-12.126
-0.7253
3.4192
-0.026669
3.5355
8.5054
12.48
1.9359
17.124
-8.8183
-2.2643
-10.881
4.6769
4.5479
54.859
-1.0817
73.987
14.01
11.958
-9.1648
-1.556
-1.8447
2.8741
-5.9681
-1.3653
-132.3
-17.966
-34.166
-19.642
15.649
-7.7421
95.172
-18.756
0.50965
10.989
-1.3691
-0.17288
5.0215
-5.1811
5.9363
22.498
-8.9806
-32.043
1.4736
-5.4462
0.22474
-12.682
-6.4874
1.2785
-0.13438
-0.10749
-9.2109
-25.481
-30.141
-12.599
8.3906
-9.1792
-6.4935
-2.3738
-13.149
6.7917
11.072
-9.7453
0.044301
-38.95
-11.397
-6.8957
10.105
3.9891
-2.1989
-1.7087
20.976
4.9065
10.472
-4.3945
3.4767
4.4798
-3.3801
-6.8422
2.1204
115.89
16.271
-0.22224
-18.271
-30.973
-2.737
0.22852
12.922
15.771
-3.4932
8.8269
1.0392
-2.2626
-10.214
-5.0301
1.1537
7.9474
2.4627
1.3251
6.6497
0.687
12.779
332.02
-6.633
11.355
-5.1549
3.9777
-73.001
10.759
26.798
6.7759
2.6144
7.5185
-1.2291
-69.912
35.671
17.875
3.9942
-2.1458
-9.2851
7.7594
-5.5659
5.6356
3.014
0.37579
5.5839
-7.359
-38.382
-3.5611
-13.664
18.15
-0.49274
-11.405
-1.286
-2.0959
-2.9105
-2.8957
11.316
0.17545
-5.2902
8.4901
-13.686
-1.5031
0.76061
31.22
-8.5043
-19.953
1.5481
-0.98525
-4.5242
-15.185
-0.61431
-8.8496
-82.452
5.4137
-12.176
1.6919
-3.0477
3.836
4.9049
3.5724
-4.9753
-7.9425
-6.0639
-7.2939
0.98546
16.428
-31.694
-1.1485
4.0073
4.6549
-7.9191
-6.3155
0.68669
0.42301
-1.5076
3.1068
16.141
-95.752
-42.11
6.8689
-4.9985
-10.558
-2.1047
1.0506
2.4237
4.8797
-2.0428
-18.082
-206.51
-8.048
7.202
3.2297
-3.1318
2.6405
1.1127
-0.50072
7.4855
8.7039
17.663
-0.31622
10.546
-12.621
11.622
-11.813
1.8426
5.2523
-24.366
4.6844
-3.0209
8.951
-0.42373
1.1714
6.6674
16.515
2.2145
-7.0875
-27.753
-14.339
8.6094
-6.0573
-6.9352
-248.03
-17.261
2.7463
-10.932
-8.3775
-38.794
-0.61039
-6.5899
2.1119
-7.5443
1.1055
5.1044
-1.8697
18.858
156.35
-104.5
4.8621
22.196
1.0905
-8.454
-23.647
79.708
101.4
-9.9566
4.1753
6.132
1.373
2.9207
3.382
-8.1463
9.9049
0.98713
-2.9297
3.6896
9.4069
-3.0867
-0.72072
-8.282
-37.509
8.758
11.938
-4.2561
-5.6745
76.778
-5.8913
-47.549
-1.1189
0.23449
-4.715
1.1211
12.964
-0.95089
1.4903
-7.9563
4.4009
-1.5278
4.6205
-11.336
7.0228
-4.6392
14.887
-48.649
-7.836
6.9893
-1.8441
142.53
-8.4453
-6.0605
2.4528
-17.435
59.272
8.499
8.5365
7.7142
8.611
0.73635
-3.9457
-1.9839
10.482
1.7707
11.321
7.1445
-8.07
38.683
-30.208
-16.297
-1.1624
-5.7523
-5.6765
7.0981
-1.1991
-119.04
9.6969
-39.276
9.711
6.8941
-47.554
-11.702
-7.3447
0.78438
-9.1977
-7.1437
-5.3135
-3.9895
20.055
4.2945
10.604
10.357
-0.26229
11.555
-14.15
26.039
-8.454
-11.29
0.32257
-41.009
-14.115
9.2165
-10.005
-3.3918
-6.443
-1.005
-8.4126
-120.69
8.1395
0.75513
-9.9567
-0.98815
7.8867
1.7236
-119.33
22.772
0.78112
-10.161
61.148
11.419
-45.507
205.53
-2.6484
-131.23
0.63917
-0.59179
-0.65018
54.329
-12.844
9.2374
39.833
2.9934
35.856
-4.6616
7.5484
20.786
-9.8116
17.043
-5.0742
-3.7715
517.19
3.7125
-0.32931
-5.7181
-27.391
1.9112
2.8905
42.045
-4.1128
-1.9279
32.157
-13.01
-1.3871
-5.3497
20.338
5.3034
0.10733
2.9207
-3.8036
27.977
-4.4773
8.7698
9.7682
5.6561
11.174
-3.7666
5.8294
-7.9817
8.9737
13.927
5.4073
-0.26472
-0.88531
28.339
8.1002
21.331
-3.6384
1.6088
6.3822
-8.8754
9.1449
-39.749
7.2695
-194.93
3.1664
6.2285
2.779
-8.2024
-14.187
-6.7889
14.378
-7.9312
0.2039
3.713
333.81
-3.5905
-4.8096
6.4976
61.611
14.765
16.713
-38.594
0.24029
-18.64
-1.7111
-12.271
-7.9009
5.1032
4.9845
2.0052
2.986
-17.097
3.5453
62.747
-4.4813
-61.861
-3.2731
10.222
2.186
15.633
-33.774
2.2208
1.5442
-5.6632
-21.933
5.7373
-3.0552
-55.991
-6.8361
114.86
3.2484
0.24185
18.076
-6.3892
-118.67
45.12
7.9007
-6.8408
-8.7253
1.3156
2.0186
4.2697
-1.6861
-4.622
-10.76
-22.826
-6.9734
3.9599
-15.241
-0.64565
-5.9481
16.17
-6.9104
-1.8449
4.7306
-2.3333
-3.0754
-0.93304
-2.666
0.77248
43.919
34.141
-34.952
4.0749
2.5851
-3.3887
10.493
-10.053
-0.91141
-1.9703
-3.6414
2.818
0.32149
4.0627
-6.8338
-5.5408
9.0053
-7.1966
4.729
-9.1729
-20.18
4.144
18.849
-18.624
-0.41301
-2.121
-7.1828
3.0903
3.1175
3.3772
14.143
8.1633
-9.2444
10.141
16.191
-4.082
11.433
12.335
5.9192
-5.1836
-86.257
-12.013
9.2212
6.8731
11.594
2.9707
-0.83402
-32.578
2.9108
3.0837
3.77
4.8872
-14.843
4.3049
0.20867
-2.7895
-7.4353
-16.415
-1.2882
10.969
-1.3725
4.012
6.327
0.97265
0.13429
-1193.8
-6.7216
-0.2312
1.5949
123.69
-4.4644
-5.0678
-8.5612
-9.4362
-9.3209
-10.562
0.081492
29.702
3.5564
6.3523
-42.733
7.8069
-4.5879
-11.397
-14.607
-3.4608
4.019
14.078
1.5491
12.635
34.677
-3.2909
5.7585
100.83
-114.73
-5.0733
4.6348
14.97
-13.815
14.334
3.7009
2489.9
4.41
8.6232
-4.9125
6.9983
7.4392
-0.7034
-6.6724
-1.2702
15.225
-17.336
-22.684
5.1752
-7.0069
35.375
-4.3529
-4.101
-16.386
-5.2569
2.2687
4.6249
4.4957
-2.6793
-474.93
1.7683
364.91
-9.7926
19.616
4.354
-0.47409
75.81
9.6895
-2.0413
-7.5558
128.43
27.256
-12.829
2.7087
-11.526
-1.5231
-7.2745
48.808
-5.2836
0.36568
-1.2655
-0.69255
-6.4039
7.245
-12.013
2.9082
5.5707
2.62
-1.69
-9.8045
-1.8028
-4.1482
1.8697
-4.1902
-8.6255
-3.2099
-6.8327
-2.8395
4.1795
3.1589
2.1481
-6.4778
3.6476
-1.7342
-78.357
-1.056
8.8274
-0.30627
32.409
-6.0905
2.1221
-56.548
10.433
5.3143
-19.526
2.3468
1.053
2.9308
-2.9476
5.0478
-12.057
-1.239
4.5061
4.6064
-17.46
-22.641
77.285
27.877
0.82777
-1.8238
-10.498
16.164
14.776
4.1677
7.0145
1.2604
-7.7219
0.43671
0.30183
38.466
-1.5891
7.909
1.0367
65.405
0.22877
-17.445
-12.569
16.982
-19.109
-32.267
7.7795
12.257
-7.8502
-21.133
4.3303
-4.4304
-103.45
17.86
-12.473
4.7655
-18.146
-7.5725
0.32881
10.315
-3.0912
1.8738
-4.936
6.0485
4.0367
29.471
-4.6489
5.5454
-3.2246
-22.89
-5.7085
7.9628
-13.475
10.338
-4.2373
-2.6413
-0.41622
-18.677
-4.4595
52.605
4.8409
26.736
-2.2961
0.99545
-27.675
12.799
10.176
0.48781
-5.6647
-0.28102
13.821
-7.0473
7.568
-2.1932
-4.54
-8.5912
0.37712
9.145
6.6011
-22.637
-6.4506
1.4509
-10.456
4.5415
-33.061
8.8293
-19.295
-1.4713
-4.6365
-12.277
-1.0881
104.39
-3.433
-5.0475
-13.092
-9.6647
-9.0789
0.8854
-8.3402
10.061
-14.795
2.53
1.1247
-3.4288
-0.69925
-1.5869
4.1675
0.95549
3.6788
0.0051324
5.6652
9.5078
2.0937
-8.9735
4.5294
-20.359
-1.3134
19.115
2.3049
3.5957
34.104
3.9817
-11.199
0.58881
-23.716
-5.7831
-10.84
3.981
-11.721
43.06
30.898
-13.453
0.43104
-1.382
3.7232
-13.041
12.022
1.204
-1.0398
-13.798
-9.1335
-2.408
-5.0795
17.866
-6.1847
5.8309
-17.897
2.4289
2.1175
1.3544
4.4554
2.5201
24.865
1.9008
-6.0873
0.044605
5.2646
0.14491
-10.878
-1.538
4.1896
0.56995
5.758
6.7393
13.758
4.546
-0.019225
4.8158
-15.704
1.7632
-5.5781
13.44
-0.69328
13.737
-1.3515
25.365
11.851
-2.7122
-8.4973
-10.035
-1.5422
-2.2348
-8.2635
-2.7994
-57.046
126.4
15.583
13.743
-7.6423
40.539
7.9194
-175.51
-18.785
5.3405
-3.4945
-98.118
-64.672
6.3428
0.27078
-9.2746
0.84312
-42.838
-1.5261
-33.543
-3.1971
10.076
6.4698
-12.998
-1.6315
-1.6517
15.144
6.0539
31.18
1.0384
0.42858
-10.112
-9.4333
43.802
-7.0638
0.5815
1.838
-1008.9
-30.265
-3.2569
-13.476
-3.023
-17.775
-3.3737
-5.5598
1.1733
-4.1522
-1.8098
38.045
6.6886
8.9459
1.9446
5.1936
-4.0012
2.3148
-8.3232
-20.776
0.80329
9.0622
0.78446
-7.28
-9.9581
17.121
-21.585
2.2716
13.888
-3.7496
-6.5489
-0.83011
2.6138
9.6698
4.0056
-8.6876
-4.111
-9.1077
-20.958
-5.8219
-0.55942
-0.085124
2.8845
5.5578
7.2044
4.326
25.23
20.108
-6.0638
1.542
26.153
40.953
-30.981
6.6196
9.251
8.6902
-14.113
14.548
-6.7402
0.42031
1.5507
-1.4891
3.8222
4.6288
-2.8843
1.2542
1.192
-5.7812
1.159
-47.833
23.39
-5.1785
0.91599
2.6509
24.97
5.9378
14.138
0.39506
11.311
-0.49264
-3.0443
0.22619
5.4539
0.47361
-41.327
-1.5407
4.3304
14.394
-1.8148
-7.3239
-0.87946
-75.183
61.157
0.80064
-0.52839
-8.723
-2.4298
-5.3931
0.82525
-8.2763
-1.0243
-7.6302
7.3291
4.0791
2.5546
10.195
12
-3.4156
7.9321
-26.468
6.1197
3.6219
-0.93765
-0.84834
-1.2125
-6.6835
-0.757
-6.32
24.227
-9.3788
17.352
1.5782
-2.6555
0.575
0.090329
-4.7233
0.64317
0.15832
8.5887
6.7426
-3.3632
-4.8299
-4.0309
-2.732
10.272
4.7338
1.3378
-6.9509
9.797
9.9091
-5.3533
-0.63677
3.1543
-2.6516
-0.77843
1.5784
7.2782
21.219
-2.7035
0.23446
-1.7881
-6.6856
-3.8007
48.819
-5.5593
125.86
0.60063
0.21256
17.191
13.085
29.595
7.9835
0.72608
-5.6836
22.167
-9.5231
2.2207
24.027
-13.916
31.682
0.5271
1.7963
1.5226
2.4607
-9.0522
9.4153
3.3471
3.0996
-0.6383
10.708
-10.075
8.0266
4.6498
-14.129
-10.217
-7.9532
-3.5778
11.215
-0.39117
-14.489
6.0583
5.9752
-0.38656
-11.334
2.3456
3.8397
-3.115
4.4334
-18.729
-2.7464
-19.616
3.9555
32.535
9.6694
1.2253
2.3306
-3.9597
5.9721
-34.516
29.101
-2.617
11.087
6.3508
12.953
-4.7152
-0.19137
-7.2947
1.6733
0.4545
1.18
10.235
11.662
-12.581
-0.86969
2.0447
16.29
8.3125
3.9112
-3.633
12.007
18.278
-9.5725
3.2546
8.4118
-5.2779
-4.3706
-7.1537
3.3273
-6.0551
2.5079
0.25336
-3.6768
21.656
-1.9834
1.8039
-14.38
91.812
-15.489
-0.47228
-3.5454
6.256
1.1731
-12.733
-13.126
-65.163
25.436
2.2663
-25.406
5.4053
-4.5178
-2.2827
-7.0629
-2.7928
12.058
-3.257
0.49096
6.2602
-10.781
-0.17311
-13.147
-5.0922
-9.2982
-2.5872
-7.1308
-27.252
-1.6091
0.51646
8.9076
1777.9
-33.816
9.8716
-6.5397
-68.153
211.84
1.2426
2.1594
4.5545
-5.4227
3.4332
2.6127
-3.4855
7.9072
13.853
6.603
52.596
2.2628
-2.6208
-4.4138
-14.808
-2.8292
-2.6154
13.22
-23.976
-4.0147
3.1699
5.1965
7.4439
1.7619
26.081
-0.12492
0.3362
-0.33469
2.4288
-1.2491
-4.0695
-3.2452
-5.5435
-1.6315
2.9927
3.8048
2.5067
-0.68752
-0.071221
-31.466
-1.0662
-12.019
10.475
7.3608
-2.0041
0.90622
2.5934
72.978
-0.19682
-8.5459
1.2882
-35.689
-6.9886
25.39
-4.8179
15.065
-4.3709
34.248
4.3865
-18.358
5.4723
-16.065
-3.0983
-34.94
2.798
2.2197
46.502
2.4212
1.1459
9.9318
22.823
4.5485
0.59755
12.952
5.2945
-19.56
-0.63278
-6.5386
1.1925
-0.038883
9.2103
-30.962
-22.597
-3.7289
5.844
4.9405
-5.0044
-2.0926
-3.0789
5.2334
7.6322
-61.219
8.2473
9.233
6.4669
9.3147
-5.909
-244.1
-1.3977
3.9852
17.129
-44.881
-8.4825
-13.343
4.2685
10.508
35.117
-18.286
2.436
-6.3601
-33.831
15.804
0.30701
-1.146
-0.19572
1.938
0.51864
0.14446
-0.96722
0.95287
-1.3769
2.8082
4.9946
-4.9595
-10.823
-2.3893
2.0924
-17.874
-6.0423
9.3681
-69.706
1.228
-7.687
88.172
6.511
33.221
8.2116
144.5
-45.55
-15.514
1.9156
-14.65
-5.3362
2.5015
1.1458
-76.272
-0.044759
4.7281
-4.1171
-10.787
0.099334
-13.555
4.9159
9.2062
-3.6323
-32.619
50.714
17.89
-9.0456
0.75072
11.307
0.21589
2.9041
9.1988
8.4304
11.082
-6.8455
0.36441
9.0373
-0.67308
-83.46
2.2384
3.5285
-5.7053
6.8167
-2.3844
-0.44255
-20.507
-15.559
5.4574
-1.358
-3.9907
-4.2042
-36.096
4.6997
-3.9468
-11.581
-4.1401
1.4431
144.69
6.8362
5.7473
3.3771
-1.6441
-26.451
-25.223
-8.7816
0.24385
33.896
3.6511
2.7252
-15.543
-21.296
-4.6545
6.8393
-3.1767
-19.258
-8.7928
26.035
13.923
-19.385
-13.3
10.272
-32.926
2.0308
-32.104
-51.508
11.963
6.7761
-17.228
8.0344
89.303
5.1627
8.8056
0.433
0.94417
3.0416
15.259
6.6616
11.611
4.275
-34.992
6.3324
1.709
-7.4924
-2.5717
-17.582
9.0598
4.2314
30.39
-3.4732
7.5522
-9.2057
-46.043
2.6727
-7.8191
12.079
1.7626
10.992
-1.4879
4.9948
8.1081
6.5612
-5.2416
-5.1325
0.23382
2.7989
2.2835
2.0487
2.6684
3.3478
-8.6089
0.095736
3.1274
2.2186
145.62
-101.7
4.5031
3.585
5.2244
2.3914
8.5082
-3.0649
32.327
19.321
-2.4586
2.7299
-0.77392
-2.8064
-6.7067
-10.349
-10.193
3.3762
-5.264
2.0727
8.9991
-21.281
13.109
2.6873
0.10354
-36.435
-4.268
3.5626
-2.0394
0.44305
8.2566
-0.29576
-1.5005
-15.532
0.61391
-8.2621
-1.7527
5.2331
7.3665
-21.469
-3.1369
-1.7501
9.0261
2.1527
5.0663
4.9471
8.5177
4.72
185.71
-6.5088
5.1452
44.099
0.14843
2.2718
10.156
-10.896
12.334
8.6394
20.675
12.685
-0.072352
9.3495
-10.665
-7.0256
-8.4146
5.0781
4.9326
2.552
-4.908
1.071
0.12474
5.2466
-13.91
-13.457
0.5038
1.149
-2.3884
11.354
-2.3215
26.502
-6.2582
-50.745
-1786.8
3.6041
1.7812
16.008
1.6996
-2.3287
4.6023
10.011
-6.991
-10.391
-2.2991
122.44
14.472
3.3445
0.62614
-7.949
-2.1358
-3.2411
-0.58853
1.3896
5.5358
9.961
0.80121
-0.28563
2.0517
6.5824
-30.556
2.899
-7.0482
1.4484
3.1256
6.0033
4.154
-0.87323
7.52
-6.8998
-33.641
0.28678
-11.948
0.59344
5.8434
-6.6534
-1.0285
-4.7173
-4.9223
-0.64382
161.85
21.419
-2.6485
4.957
2.8916
-2.0049
-1.9821
4.8053
-8.9975
1.6686
-2.8626
0.85386
16.707
7.7701
0.44868
-0.20587
-7.0176
-26.927
2.0033
20.012
2.6125
-3.454
7.2564
1.1326
-22.118
-5.9429
-2.0036
-1.6957
-3.5842
4.7797
23.888
-0.073095
136.28
12.394
-0.94016
2.9812
4.1915
2.7266
4.0664
-1.7293
11.651
19.295
-3.5863
-294.91
3.9241
-23.758
-5.5234
17.979
-15.56
-10.177
81.535
9.4886
0.17405
0.97329
-4.2451
-7.1295
-1.2545
15.393
0.47784
9.862
31.185
3.3403
-1.6774
-24.334
-16.968
-3.0202
-2.1874
7.8334
-20.466
9.6373
-0.39353
-8.0853
9.4937
23.565
-0.7479
21.969
0.097484
1.667
0.38774
-3.5424
9.9893
0.17597
-10.667
-426.8
-136.81
0.25848
-0.70526
-2.0023
7.9732
-22.233
14.946
-1.9229
-0.91038
-3.8442
-5.9371
7.2485
3.0124
-41.4
5.004
-246.16
1.1739
10.575
-8.1089
1.7285
0.6672
-7.1398
0.53699
13.536
-0.096655
-2.1781
-6.8301
-0.91504
-16.537
3.5411
1776.1
0.67271
0.8136
2.4688
5.4112
-2.8883
-2.3721
-5.6578
-7.6419
13.356
2.2862
-5.8912
8.8501
16.184
2.1027
-2.7754
19.303
-9.0297
-24.758
5.4534
-5.3149
-15.488
3.6155
-6.4289
38.067
-6.2815
-0.46778
-11.187
-4.4017
-0.44529
60.166
-13.896
20.428
-6.8044
-12.03
-1.3456
0.87418
-110.29
-31.615
-25.541
-0.019845
-3.2564
-24.612
-3.6945
39.679
-11.672
-0.25136
28.794
-98.515
-7.1409
-15.852
-146.91
-8.1168
5.046
3.7645
-0.80802
-11.608
1.2231
2.9935
-1.8323
11.139
-1.2225
3.6903
-8.8178
10.976
-9.1837
2.0715
6.7141
-0.42922
-6.8101
7.5228
-0.50574
5.0225
1.9022
-5.3967
12.098
8.8582
2.3458
28.29
4.2099
55.382
15.657
1.4848
7.8685
50.129
4.4884
5.0016
-20.054
-3.1268
-4.8631
0.92184
-2.1271
-4.8439
-8.9192
-3.1415
6.1276
2.7351
16.039
-9.0125
21.103
25.017
-11.931
6.7742
0.28229
6.1275
2.6906
6.6405
10.029
-7.07
-7.5581
2.8466
-8.5027
-4.5872
3.9665
-0.41007
7.2096
11.736
10.008
-16.746
2.4791
-41.067
7.2951
-16.422
-7.2954
-92.511
-12.153
-0.015375
5.6677
-0.26519
-2.9404
-2.6955
3.4948
0.72266
-9.3191
-4.8143
-5.8583
-1.3118
2.2563
4.0147
49.693
3.331
-72.025
-1.3342
4.2153
3.7993
5.3801
13.262
-10.851
-4.0179
5.2832
-30.921
-9.3229
23.831
470.68
-3.9826
27.063
-52.795
-8.6989
-1874.3
-3.3581
20.684
-56.035
-4.5681
-11.576
26.18
3.7327
-26.249
4.1312
-20.012
2.702
123.75
-2.2561
-6.4758
0.37949
-1.6339
-12.858
2.1514
3.986
2.4852
-5.2259
26.864
-3.7966
3.9177
-21.009
14.012
-2.0962
43.615
2.8099
0.98952
-1.4738
1.3264
16.681
-8.4497
6.2513
-22.256
4.2452
-1.7302
-14.13
-4.328
2.9844
10.304
-7.1982
-0.087198
0.49336
-18.12
-1.1594
-0.26669
-269.33
-12.075
-790.25
1.4546
-24.422
3.3137
-3.9858
68.197
-0.21848
-18.728
-26.679
4.0447
-99.218
176.68
-1.9929
2.8488
22.348
1.2089
3.7066
-11.24
79.958
-4.5159
9.105
2.934
-5.1549
-7.4123
5.6495
2.9182
-9.6264
-6.6073
-7.383
10.15
13.289
-9.9749
-1.472
-5.3792
-10.352
6.489
6.4035
5.1864
6.4322
579.03
13.92
3.0263
1.8968
1.8358
-4.9196
-9.0224
-9.413
4.695
-6.6935
-4.5958
-1.5381
-3.3023
3.7992
2.6141
55.438
5.1735
-1.3884
1.4786
-4.6329
-9.0795
76.828
2.7449
-2.4091
4.3274
5.6915
-2.672
22.606
-0.75345
8.3627
50.256
-37.05
-3.5079
-0.21821
171.55
-3.0938
32.058
-5.1347
-6.9688
48.443
-3.1402
15.872
7.0478
-17.555
-1.3498
106.28
-9.6318
3.0415
1.35
5.8839
-5.0579
6.4481
-2.5378
-2.6804
7.6502
-5.5011
-1.59
-6.8637
-15.881
-3.0524
11.239
13.038
-3.7286
0.18408
-2.1763
45.21
-14.223
10.02
-22.508
-5.602
11.8
-53.767
21.299
-3.507
-6.8554
-3.5486
19.873
-5.9363
8.8496
27.95
-13.52
-2.5515
17.498
-7.0514
9.106
-8.2553
6.3358
-3.989
14.696
-15.702
3.1404
3.1089
2.3756
2.1496
-1.9945
3.3291
-4.5109
7.3561
-0.70162
-111.85
0.28638
0.88885
-3.3559
-1552.3
10.72
-6.4085
455.25
27.408
-115.98
5.4395
-1.3311
-2.4814
-2.6364
5.7604
-2.5164
3.7374
-4.9027
-2.8978
1.7594
-5.6262
13.992
3.5786
-6.345
7.8132
-5.3837
36.355
-0.17753
25.556
5.1229
-9.6213
14.398
1.7028
-32.134
-3.5548
-12.39
2.8041
-9.0949
-7.1884
-1.1074
-232.31
-2.5086
5.8717
-13.329
-3.2532
4.392
0.83671
-2.7655
6.6052
13.537
-45.814
-6.3797
2.8237
15.367
2.2542
5.4294
1.0212
8.6326
-1.3837
1.6935
3.1879
9.5151
-277
-4.6686
8.3989
-0.3278
-1.5025
-2.4909
4.6275
-105.18
4.5518
26.331
-0.11777
8.1301
2.1565
-14.277
0.99849
-15.417
0.076058
6.3686
0.91178
-4.8185
8.1833
7.3099
-22.717
3.9988
-4.2031
-0.1274
-8.976
-2.9048
0.37655
-3.6949
-1.1756
-37.207
-7.657
24.402
5.4896
-5.7678
8.9748
8.5968
-3.0047
0.93175
-34.904
-5.7557
10.04
-14.13
-66.576
17.708
-31.287
-1.7342
-6.7957
0.87468
-8.0644
-28.087
-0.38432
-42.081
0.7921
-5.3883
-4.2869
-14.771
8.2929
1.6985
7.0594
1.139
-2.0758
2.0297
4.1952
2.2912
-4.4114
-5.6335
-0.092186
-58.729
-2.1447
-5.0249
-6.6674
1.9905
7.4933
6.3916
-7.5019
-1.7572
-13.519
0.59117
-133.03
-7.0606
-3.39
-1.2463
-21.401
27.137
1.8358
-4.9363
-0.76066
-0.29482
0.47488
-13.237
5.477
-16.643
2.8704
3.738
-3.2907
10.114
-6.8018
2.938
2.8919
6.6297
-4.6275
-4.7869
2.6523
2.4515
42.981
-18.011
-3.1647
2.7161
-17.33
-1.3949
-1.2919
2.3179
-3.6432
-3.1294
9.8
-3845
-0.52361
-2.1731
1.1702
6.2892
-0.64532
24.38
-5401.3
2.4624
-0.39011
1.4603
12.776
-14.927
-5.3055
15.588
-1.2797
0.77327
-3.8252
4.537
0.90969
0.16555
-8.4935
-3.1188
-3.2077
9.8095
14.304
9.0039
0.34465
-7.0684
-3.2589
8.3075
-13.94
-1.2902
30.282
-6.3557
-0.69738
-3.4994
0.27389
-6.2624
-0.096578
-2.2634
-2.221
-1.0797
4.3212
-23.218
-5.4372
-4.9358
2.0724
10.824
-3.4398
16.248
4.7872
-2.1488
-2.1228
2.2024
22.333
3.8128
-1.002
-6.6059
10.326
-0.0031926
-7.6817
-266.19
-20.368
-20.091
-8.4375
-4.5655
5.7552
40.411
-2.9015
2.6995
3.1237
7.2226
-2.4419
4.4143
1.9376
2.4447
13.436
0.7862
-28.736
-7.1332
-1.4881
-30.843
-38.449
-47.415
-8.1322
8.6821
1982.8
18.416
-8.6283
9.6154
14.66
-5.1976
-5.4943
-7.9389
0.85527
-5.3292
-11.973
67.929
-4.6384
0.24898
-2.5668
5.839
-6.1539
-9.2934
-0.85857
-1.7689
-8.033
0.1231
15.641
21.621
-13.892
5.3269
145.71
9.2205
13.114
86.894
2.0146
5.2041
1.1094
-0.58047
-0.70657
16.61
16.067
-1.138
-1.2812
13.403
4.2413
4.7259
-32.508
5.2414
0.333
15.09
0.85466
3.6035
3.2745
6.292
-179.37
4.7956
-1.0679
3.8186
1.6236
1.0218
4.9401
14.87
7.4473
18.188
12.218
-8.6517
-2.1838
6.8089
-0.18169
-2.2485
26.874
16.352
-0.31102
-0.028819
-1.1862
-10.75
3.4302
1.4024
-0.97208
-1.9469
-7.725
-65.812
-4.1292
-8.7531
-33.149
-2.0363
6.474
-4.2437
-10.089
-9.7672
182
1.0961
-8.1891
11.727
8.481
6.1924
43.275
9.1157
8.597
9.4843
-6.3046
2.3224
17.044
8.1736
1.4489
-17.759
-87.544
10.812
22.509
0.29167
1.0143
6.8238
-2.047
-0.084191
0.9258
3.872
-6.6423
6.4171
7.7363
0.07544
5.0737
-1.4362
-5.2856
10.197
-4.5698
-0.59037
-41.904
461.5
-0.077261
1.0779
-11.664
3.1744
-1.473
5.2456
-3.2632
5.9489
8.1597
701.01
-7.3765
-5.4282
-6.8325
0.81136
0.44083
-1.9499
-0.62833
6.6471
4.254
-10.135
8.5616
-24.974
2.0714
6.072
-3.2668
6.4546
3.6087
-7.8608
0.61743
-3.3321
4.2496
-9.0276
-4.8098
5.3853
-6.7278
-5.3774
-1.9491
-6.0009
2.8032
-0.66545
0.03151
-11.523
44.71
-7.4905
21.984
-6.764
-14.85
15.532
7.3718
0.51887
-10.418
-5.0309
3.6359
-2.5912
4.7217
-5.3047
-0.92253
9.0248
6.6099
3.7533
8.3684
-4.2441
0.12319
166.53
1.3712
8.2533
-1.5704
3.9864
-1569.6
-6.8473
13.349
137.92
0.65358
2.4868
-6.3213
-35.253
4.2941
1.7735
16.56
0.23272
-0.193
-2.9583
-21.42
-3.0514
22.404
6.1192
3.8969
9.2702
1.1676
57.966
2.5818
-17.827
3.1915
5.5698
2.1258
9.6175
-7.5281
1.2672
-15.339
-6.1085
-10.22
156.42
0.33683
9.873
51.814
8.1293
-13.304
9.1121
-2.4686
1.5964
2.3379
8.7912
253.96
-1.9031
-0.82374
-15.852
12.291
-2.2285
-2.0148
38.134
10.164
-8.2713
-0.32645
-1.0214
5.2139
0.05041
-7.7332
-2.2793
-2.8297
-1.4949
8.6408
7.5705
-12.695
-6.4199
-13.071
4.461
10.784
6.7871
-0.48422
3.0711
3.9344
1.6667
-6.7134
6.1536
-5.2122
-0.44666
13.038
-18.52
-4.7655
-9.8632
869.94
-8.525
-6.4676
-5.7053
7.0929
19.594
0.31578
2.2891
3.3895
10.761
-10.247
-3.3978
-1.7526
2.927
1.2198
-1.3145
-14.335
-13.018
44.448
-4.1391
12.37
6.7497
-20.856
-4.1638
32.177
-27.854
1.6519
-7.5135
-8.393
-6.4329
-87.299
-17.911
-2.4762
-0.24962
2.9465
0.0031378
-5.0913
-3.0211
2.8236
13.601
1.6769
-6.3728
6.6577
1.0637
-187.18
3.1288
-10.146
3.7548
5.9146
-3.9708
3.3287
1.2928
0.0345
-0.96506
57.065
0.15713
1.1608
-14.826
-29.403
8.6104
-18.241
-1.3739
1.1762
9.2498
9.9121
291.57
-3.6646
8.8764
0.86683
6.4821
-1.0947
6.7657
3.1853
5.9757
0.45761
-14.764
0.76157
-16.14
-9.9169
2.8414
3.9665
-8.2833
-1.0001
2.6555
-7.1197
-6.0081
-6.5518
-6.7521
-4.353
2.0086
0.79154
-6.7928
47.231
14.708
-46.631
13.44
-10.636
3.0516
-0.33158
-0.65065
-1.898
-68.64
-6.0418
-30.04
-72.965
6.6418
8.0953
1.4976
3.0194
9.9547
14.05
3.5344
-6.1597
-3.4208
7.4589
-21.078
2.7178
-1.4996
-14.285
-1.3731
-12.505
-6.8115
4.4152
19.321
-0.90404
-2.654
14.167
3.0775
8.6837
-11.161
-3.0326
-4.9386
-8.1985
9.7579
-7.5651
-2.3754
-9.7815
-28.498
-14.977
0.78496
2.096
76.55
-17.27
0.73171
3.157
-25.513
5.5728
-8.3216
-2.8274
-14.815
5.0337
-4.6322
-13.548
-8.3249
-0.58176
-156.93
-3.6841
-13.047
-0.33631
21.848
-3.5656
-1.5045
-6.5155
-6.9047
-4.0883
-262.43
-6.4505
-4.6939
-21.043
-5.3225
30.8
60.037
9.3632
20.81
-1.9083
13.417
0.16848
-13.317
-7.1868
12.688
1.0494
-42.913
-3.398
-0.52344
-0.09401
1.8132
4.5091
4.1045
-3.7684
0.77299
0.90238
0.51194
10.482
-19.784
3.0135
2.0137
16.066
4.4771
4.2217
-2.2653
-99.726
-27.582
-2.3273
-9.717
2.8944
-2.1066
0.69781
6.1293
-9.0231
-15.238
-782.32
-17.355
0.086648
0.65409
4.4819
32.063
4.286
4.381
1.9849
-3.4824
1.8423
-360.88
36.023
2.8756
-9.6788
0.19326
4.0098
-2.753
-2.9581
1.5962
-99.598
4.3839
-2.5648
0.34439
-16.524
-0.089821
-5.845
0.091071
-3.3885
-14.001
-43.582
3.4839
-6.778
20.458
-7.1308
0.036038
-1.8419
6.9399
-8.6986
11.115
12.193
4.5329
6.2894
26.792
2.0316
13.198
-7.3773
-19.735
-3.3567
-8.8868
3.5626
-3.3346
-5.3017
0.81121
-2.074
14.602
-26.343
-0.67306
-2438.3
-6.0954
4.7251
-27.151
-0.37517
-14.885
0.47511
2.4444
2.9029
-5.4605
-15.306
-1.1738
-43.718
14.819
0.15396
-45.615
0.48904
-12.295
0.39822
8.8939
-12.781
-1.099
-2.4027
-3.1018
1.2229
-2.1412
1.088
7.5389
-1.4201
-14.655
-1.7171
2.8307
-5.4446
2.3006
4.4496
-4.6699
-4.7223
8.7054
0.91708
-6.2907
-0.76044
11.508
68.421
6.5908
-4.7901
79.098
-18.62
-6.3906
6.9663
2.0138
4.1507
17.71
-54.116
-6.9314
-7.8159
-6.0195
5.5072
9.5932
26.276
9.259
3.219
-4.1685
0.76634
9.0727
-1.522
-0.16278
34.388
5.3675
-9.099
5.173
4.304
3.4928
-0.46329
-8.7747
-6.1075
-1.7221
2.0292
-14.143
5.331
6.2533
-10.88
-11.99
-6.6204
9.6915
3.2697
-10.248
4.3516
-0.76198
5.0171
-3.8777
-2.9433
-3.612
7.8079
-1.8957
23.291
-30.874
-1.1965
4.8844
-12.81
0.61636
-4.747
-5.6347
6.0933
-9.7728
0.6379
3.1293
12.87
8.4004
-55.139
-16.569
10.326
14.846
17.015
2.7603
5.4921
-5.3175
-6.7126
-7.3034
10.129
4.3965
-5.7076
18.994
266.25
-2.4021
-7.2903
-28.071
-188
0.18307
-44.397
-3.7984
14.527
8.8543
1.3599
4.5627
782.88
-6.3299
-4.139
-29.4
-1.8576
7.6478
2.1862
-177.38
-4.8783
10.522
1.3779
23.163
5.6426
-5.8146
2.7259
5.9435
1.6092
-6.9752
29.572
2.0516
4.2123
-18.844
-13.104
14.943
-14.041
76.821
-6.7233
10.21
0.34993
4.1629
-5.4236
20.206
-4.389
0.50136
-8.3497
4.3542
-4.1589
18.86
-5.4006
-1.2057
-2.4935
-2.8187
-3.1018
0.12316
-3.1406
-4.6931
-1.4338
6.3264
0.40148
-1.4215
-21.486
-35.086
-0.1202
-0.82993
20.797
5.1691
-0.94234
-3.992
15.655
9.6448
10.698
-9.2979
5.218
-3.4984
-3.1171
909.15
0.25632
3.9344
-6.2663
1.3102
23.252
4.789
-0.35852
142.41
-1.5103
4.5825
-10.86
-15.926
-58.873
-18.41
0.72123
-9.7336
13.836
-48.354
45.689
-14.952
-8.2075
-10.387
-2.98
2.0103
6.3488
3.0764
-3.7586
4.9396
-8.0616
9.7325
-1.3903
39.197
5.2225
91.334
1.4501
9.6086
19.877
-4.0249
6.9178
9.7421
-4.9515
4.1863
7.1838
4.0256
6.67
-2.5621
-30.628
1.9065
-0.97581
-14.301
-7.16
55.292
-0.6751
-2.5566
-0.54647
7.3112
11.62
54.575
6.1819
3.1922
-101.72
-6.2784
5.6574
1.2333
-4.9492
-158.68
1.2698
14.441
-94.686
8.7286
1.6454
-7.351
-9.0185
10.932
4.2952
1.5394
-2.0611
-2.325
-2.7578
3.2662
23.257
16.041
10.694
-21.469
4.952
6.9897
-5.4387
-1.6341
0.037916
-3.3627
-10.253
11.034
2.7935
-3.6829
10.605
-2.3154
0.87599
2.4213
3.8085
-5.5014
-11.54
-5.1908
-21.487
-8.1113
51.993
9.5796
4.9569
10.699
-2.9863
0.43052
1.9725
3.2521
0.94695
2.4827
1.6532
13.698
-3.9364
-44.265
-4.9877
-48.105
-2.2278
-2.5607
0.21865
-22.724
1.2781
-17.706
-4.6662
-3.7206
76.451
-11.507
-6.7792
9.9146
2.3705
-7.1315
31.239
5.2148
14.206
-285.9
9.2165
23.461
-107.23
1.1618
15.12
3.1875
3.9656
22.922
-2.066
2.172
-37.844
4.1275
-22.755
3.6294
34.332
38.251
9.6411
-2.1043
0.68082
3.2225
0.45109
0.45582
2.4655
-4.5439
4.7003
-3.0275
-0.96674
-8.6345
-6.2012
-2.2055
-16.453
-5.8842
-9.9048
5.6712
108.43
3.703
1.1084
-21.941
-36.352
-8.4966
-95.936
-2.0011
9.9154
-11.534
5.5954
8.5589
-50.07
9.3158
-7.1841
-6.3927
1.8373
-6.7668
-7.8328
-2.5048
-44.755
-1.9439
-98.275
3.2089
-2.8907
10.92
74.947
-10.806
-1.7157
-106.25
26.373
-12.969
-9.6287
4.7571
-3.1072
5.8527
0.24528
9.5795
2.556
6.941
-28.001
-4.0741
37.367
-1.9206
-10.745
-11.268
55.514
-8.9399
2.3584
-0.98665
-62.121
82.886
6.438
-4.2732
-0.59443
20.443
0.34589
-31.62
0.43967
4.5281
1.3641
-16.956
60.919
-6.6929
-1.4552
-9.8972
11.271
1.8532
-14.083
-7.1487
0.31755
20.382
1.8126
13.551
-8.1478
-1.9945
0.44136
8.1224
-6.122
-0.78191
7.2292
-4.645
2.2468
-2.2235
-6.6313
-4.033
-8.9411
-4.5023
-6.715
-6.0394
5.3411
7.464
-53.255
2.8799
1.4739
13.294
-3.5965
0.75382
-7.084
8.3546
-9.2577
-7.9246
11.756
1.4436
3.3644
15.772
4.074
6.5891
-23.45
5.9765
-17.648
-8.5715
-23.697
-0.063191
-6.1666
-10.084
93.708
3.3697
-64.136
38.987
0.98974
-1.5359
1.3205
8.9316
13.534
-0.088563
6.9194
3.6176
-12.337
-1.9718
-2.9335
2.8973
-3.9619
4.3264
-3.6594
-8.9499
-3.8758
-16.89
27.393
13.893
9.573
-0.011632
-2.5756
-33.087
20.723
11.93
6.4813
-18.108
9.4956
-107.92
-0.39191
-6.9914
-22.518
-3.5686
-61.632
16.986
4.8033
-11.991
7.2356
-2.3623
-1.0299
5.4871
11.033
-3.1831
2.4419
16.995
-0.94423
-1.4633
6.2133
-3.6582
1.23
-0.036072
-5.298
-6.0826
-89.795
-7.4167
-5.1352
-0.13342
2.9571
-4.4569
11.628
-5.7377
1.2607
-9.5009
20.447
4.5329
4.7701
2.8426
0.8537
-7340.5
27.865
4.2574
0.36356
6.3823
11.789
6.6646
56.233
1.9341
-3.6873
6.9051
-3.152
-2.4785
7.0212
-1.8966
22.034
0.85608
-7.3276
3.5223
-20.389
2.8065
110.4
-95.508
3.3851
-18.899
7.1219
14.611
2.1763
-1.7519
14.608
-10.925
1.6984
3.5816
-26.923
11.268
-53.935
11.503
-1.1463
6.4007
-48.284
-15.775
-572.8
-1.5668
-22.355
8.8096
5.7815
-7.3887
-6.4825
-3.3174
4.2398
3.5802
-3.8807
-30.483
6.9441
6.911
22.553
0.51482
7.5535
12.075
-2.9392
6.2312
-12.838
5.5598
-6.6259
4.7643
-4.0505
0.4408
1.1169
-1.4682
-9.7661
-0.3144
-12.407
-0.44151
12.341
7.9743
-13.761
-44.428
307.45
-116.95
39.647
-4.4904
-0.31956
3.0644
5.2817
-17.107
5.9566
-0.82361
-17.254
3.9199
3.2847
-23.157
8.5132
54.895
-8.0359
-18.451
-50.241
2.3406
1.2327
1.2821
0.35705
-10.221
8.3343
6.0973
-2.0698
-12.718
-8.6179
16.14
34.978
-4.6424
-6.4255
-108.17
-0.018724
7.2014
-4.6328
-16.192
12.302
0.39578
7.7082
4.6319
-8.7698
2.7149
-4.3098
-8.6565
41.682
4.391
0.90371
-5.0633
7.079
1.1808
-10.989
-10.052
-3.5077
-0.93174
-4.377
-6.6881
9.4359
-289.91
2.5298
-16.684
2.521
19.309
-0.29541
-0.74085
6.8892
-2.6665
-1742.1
0.8765
22.678
14.116
7.6679
-13.154
11.138
24.342
29.837
-7.2015
-6.7207
-37.746
-6.0383
24.419
17.259
-1.8975
7.5509
2.2724
-4.8493
-5.682
-1.0998
16.173
-274.09
1.4364
-6.3672
-14.666
1.0157
108.38
7.6845
3.2361
-6.7813
-1.9625
-3.8984
-5.5722
8.9305
-1.2686
4.8699
2.3314
1.8877
16.881
3.8907
-4.7932
18.799
0.39266
11.41
10.844
-30.321
-5.7697
1.0603
3.5136
-1.5399
-9.0405
-0.61581
-2.0503
6.7804
2.7934
-11.232
-7.9777
-9.627
-10.604
-29.921
-186.52
4.3521
-10.954
-1.9199
-2.2293
-1.2674
-7.0455
-3.0658
-20.623
13.742
-45.168
2.3474
-6.1909
0.66296
-6.48
-6.9147
-41.516
-0.093855
-5.6137
2.5863
30.576
-4.6834
13.958
4.1059
-48.959
-83.302
-0.39094
2.5526
2.5673
-150.56
2.2559
-12.617
-0.42648
70.199
-8.4104
-16.87
2.1617
2.0115
-0.37624
2.925
-13.311
-90.991
-5.3155
9.5847
0.10418
-4.7536
-11.516
15.489
-6.7318
5.4868
-7.1132
-90.075
-3.4792
10.481
-2.0838
-192.45
-4.6912
3.0053
-1.7848
1.5826
7.6939
-5.121
126.1
-44.762
13.045
4.42
10.658
-1.4779
-11.791
-16.798
5.3564
-3.9965
17.181
-9.9124
-15.21
-4.1178
-1.3731
-4.9463
46.32
-46.647
6.9658
12.138
-61.156
-25.945
7.668
0.2838
17.537
-0.062542
5.0039
3.3306
-1.8639
8.3451
60.859
6.8726
1.0685
8.41
6.0731
6.8238
-0.00134
-11.146
6.6733
4.8396
1.3067
-2.5813
6.9571
-7.8752
-3.4568
11.643
-7.0581
-60.073
8.2958
-0.52085
-7.0062
0.52655
-3.0959
-4.5913
11.566
-14.718
8.8175
-11.924
29.052
5.919
-40.48
107.51
-7.7784
-15.084
14.432
14.526
-1.9179
-14.814
0.2298
-0.5005
6.7916
-5.9606
-1.3442
0.76162
-8.349
1.9565
0.78684
-2.918
4.2803
3.8887
0.99683
21.464
-3.7248
0.82886
0.079906
-9.0516
-1.8176
20.214
-3.3603
-13.303
1.2273
-40.425
-8.8741
5.3444
-6.3253
92.822
0.041293
3.773
-7.2853
-8.8272
0.0036187
-4.2739
11.911
3.8698
3.1184
-3.517
3.3966
21.752
1.9463
7.049
-11.207
-6.6369
-12.375
3.0978
0.28232
3.5429
-0.35777
5.7394
11.159
3.2465
10.305
-8.5262
3.5308
1.8781
12.297
2.8847
4.5059
6.2189
-3.1578
-14.94
5.874
8.0357
10.941
8.6088
0.16078
-57.474
-7.0629
-1.5066
-26.973
-17.721
-4.3936
-13.206
-35.287
-4.2531
-5.2831
-4.0244
2.5735
-22.268
1.7605
22.188
-7.8268
6.706
0.37841
93.456
41.018
0.31359
8.7949
6.8537
-2.3785
-8.7212
2.8064
8.1333
-20.575
3.0241
21.667
-7.9017
59.204
-0.48638
3.5896
11.844
14.983
13.024
-8.2969
-28.495
-0.62463
-9.136
-24.41
8.1108
-8.9699
211.08
90.683
648.85
3.1511
-4.2979
12.383
0.1987
6.7034
-1.6643
-21.257
-0.46906
2.2888
6.292
12199
-18.603
7.1352
-19.813
3.4453
-2.3933
4.3952
-3.0113
1.0032
-2.633
-4.631
-5.9768
38.833
-6.458
0.28237
4.586
-22.245
4.4396
0.16303
-2.4779
1.9608
-4.6209
-7.9053
-2.9389
11.203
1.4799
0.25904
-14.103
1.8631
-7.1667
0.92062
1.6372
-226.62
3.6196
-5.8365
-149.55
-8.065
4.305
-4.7835
10.485
17.21
-0.29111
-2.5095
-11.221
6.239
-7.6234
-4.1324
-4.4981
1.2363
-2.1823
-2.9713
3.0346
11.298
-1.5198
-3.9599
4.0728
3.5074
0.2979
-1.9369
-14.863
-18.66
4.929
0.4243
19.072
-6.7738
-1.3075
-10.181
5.9036
3.9198
0.045447
-4.3757
-3.3356
-16.226
5.7489
-2.421
2.2518
-44.608
6.0113
-7.4338
3.6711
-10.449
-2.2305
-14.923
4.3307
2.4975
-13.788
-9.3747
-4.5891
0.012711
3.5396
5.9722
-7.9394
0.42668
-10.111
-18.861
9.2019
27.286
1.9599
-5.5258
7.2571
-0.85192
5.7753
-7.3227
7.2497
0.34344
5.3661
-14.503
-0.37336
5.8987
-37.214
12.148
10.968
26.649
34.329
-11.072
0.92017
-12.82
-12.783
25.087
-0.83338
6.8178
-2.4264
14.455
-1.5066
-3.5536
2.0712
3.6848
-11.509
-0.60738
21.367
1.3905
-1.7141
-0.52178
1.0037
43.626
2.1772
3.2739
-0.50217
4.9855
0.97201
-35.724
-0.015827
-0.68208
-7.9761
9.8699
-16.202
-52.033
8.5536
22.469
-3.6321
-1.333
52.669
-2.446
1.5156
-7.9038
-3.5722
-1.4612
-2.3215
5.3856
-2.9622
-1.5209
-2.9329
5.6269
-5.5601
42.029
5.0174
11.587
4.8246
6.2748
-2.9967
-1.5098
10.685
-1.6809
302.64
-2.2878
8.1465
-12.396
-10.531
-4.3237
-39.691
4.2055
16.822
1.4312
-5.3363
2.1957
4.903
-7.9259
0.42452
9.3051
0.12792
10.873
-50.334
2.0828
-3.1617
-19.336
3.1951
8.674
0.39325
4.2561
4.5526
1.4646
-20.299
-1.6433
15.789
-5.4437
2.9135
-9.1611
1.6519
-0.26832
6.638
13.887
-1.4062
4.159
6.196
0.090124
-0.39961
6.3584
5.802
1.159
-1.5789
8.853
6.0376
-157.29
-1.6603
20.879
2.7657
1.1963
-11.216
27.481
10.572
-7.2738
-14.682
12.93
-3.1921
3.7824
-26.317
-11.765
10.486
1.4042
-14.204
-9.0636
11.594
25.18
-0.6544
10.036
22.766
-7.9883
1992.9
3.5129
-3.429
-6.6606
14.422
2.4396
-0.46848
-2.5479
26.874
0.86373
7.1945
67.318
45.616
0.75095
-0.068751
18.178
5.6136
3.8174
1.1165
-0.18747
4.4489
5.4581
2.0174
5.1036
9.3685
-3.425
-4.4094
14.185
-8.3542
-0.62706
-5.5918
-2.1836
-12.058
-2.5273
-55039
1.5731
3.4264
-717.49
-0.85999
-17.873
5.9936
3.9687
0.21189
-5.7311
0.41127
6.0111
3.8247
1.4131
-10.32
6.0836
1.0471
0.24182
5.2922
15.984
-177.78
0.92379
1.6192
-11.826
-3.5396
3.0743
7.9022
7.5027
2.7682
-4.4582
-41.312
6.0012
0.38646
-4.3934
6.1901
-32.046
10.234
-1.5859
-195.65
-10.982
18.884
4.9662
-36.432
1.645
-3.6499
-24.015
-128.2
-5.7938
-4.9887
7.2339
-15.755
1.3923
1.9255
-10.181
-2.1952
78.786
0.13439
-2.2108
-15.416
-7.5971
16.664
-26.258
3.0818
14.989
-9.807
14.013
-4.7651
-22.891
-28.043
-2.5622
-8.3051
-1.1886
7.2679
-22.692
4.5427
-1.8546
17.96
-1.9758
20.435
-43.754
3.09
-2.2185
-1.1684
0.69678
-0.82732
3.451
8.0651
227
-46.434
-6.0999
8.513
-9.4942
5.4027
-0.57535
-5.0829
2.9319
-0.93317
6.1817
4.4164
-0.15123
2.5816
-0.71613
-33.72
0.79761
1.2427
2.3239
-3.0695
-5.3614
11.242
-5.9477
29.24
-253.89
-15.344
-30.366
6.0076
11.252
-12.025
-16.185
18.266
7.8073
17.501
-7.4424
3.6606
-3.781
-20.387
22.851
-3.3642
0.34569
73.322
-3.3289
1.9437
0.736
-7.7279
2.9
23.39
0.78184
-14.403
-1.5004
-1.0173
8.5204
11.934
-11.369
-1.2186
-3.5273
7.5618
0.85259
5.9208
29.704
-93.652
1.8761
7.7275
40.367
-0.46079
-2.0618
-7.7617
14.714
3.0248
0.30267
15.119
-6.8302
4.0172
-33.897
-2.8918
1.7255
2.7073
-227.72
-19.631
-5.3346
-51.153
28.11
0.90448
490.39
-1.5922
-19.32
-12.179
-16.757
106.05
3.6914
7.6616
9.0517
85.626
640.6
6.9703
23.769
1.6899
5.1525
-8.1635
1.3119
-0.70032
6.8899
3.877
5.9526
26.49
3.6611
17.548
-5.797
-6.7015
-3.1395
-3.3918
-3.4827
-11.071
-10.403
10.002
2.4972
-1.5413
-5.0418
17.301
10.626
-1.6509
5.3437
15.031
-15.817
-2.0118
4.5413
2.8933
5.96
-4.9844
0.081322
7.3357
-0.25882
11.175
47.318
-1122.3
21.207
2.611
21
5.9925
-3.5449
-5.2675
-8.787
3.9149
1.946
-2.1444
22.316
-3.0279
-15.431
4.4636
6.5599
-2.7792
1.5641
0.39731
-2.35
8.9653
-2.9105
-4.115
-0.10106
-9.3685
110.09
17.23
-9.9765
1.3751
-0.38954
55.868
-13.978
2.8891
-1.9325
-7.0057
2.9329
7.6448
2.3589
0.6161
-0.1523
9.7227
-6.2373
1.6294
-286.62
-4.9153
-4.3744
-6.2759
0.5392
-6.4022
-4.3865
-0.44823
7.1632
-0.11853
-8.9123
29.959
-9.7604
22.08
25.711
6.2078
-148.86
15.155
21.1
4.2748
-165.54
7.7731
2.5239
-4.2072
1.82
16.984
5.1785
12.563
-7.8262
14.818
-55.44
-10.229
1.9419
4.6926
19.511
85.329
4.2451
14.378
0.47518
30.719
-2.4612
-5.1337
64.183
9.3903
0.97786
17.97
4.4706
-2.3424
6.4843
0.086997
-5.2814
17.286
4.519
-84.816
1.5962
-2.843
-2.1026
12923
-6.0506
9.4023
30.555
6.565
-2.6184
7.9932
60.197
-26.876
-45.362
0.60828
6.2703
-2.7007
-5.2546
45.8
11.191
-13.901
-111.83
7.8631
6.5769
4.5767
-6.8795
-17.565
-21.003
7.7029
-1.738
-1.2919
2.9608
-5.3641
-3.7142
-5.4585
1.0672
16.236
5.3556
-9.0722
10.744
-8.1194
3.1078
22.342
4.7788
9.5863
-2.3959
-41.375
-10.238
-7.2164
-35.658
6.548
-30.402
-10.176
-4.6315
-10.906
25.78
-25.67
1.6125
-60.636
1.885
-4.7915
-2.8293
-7.4275
-2.4923
5.9544
0.042143
-18.343
-15.129
-0.087687
-9.1158
-17.882
-6.71
5.4325
-14.489
-2.3004
3.6669
-0.37389
-5.9275
4.7615
-16.51
-2.5289
-16.851
45.872
4.1863
-4.2996
-6.4805
-2.4582
12.494
1.8219
-2.3521
0.52666
2.5023
-3.6808
-2.2216
-6.529
-288.47
8.7254
3.025
13.708
2.4664
-4.4731
-7.5796
10.377
-3.2324
-10.72
6.9764
-10.436
2.4283
0.18677
-5.9049
-0.4244
0.47526
-21.931
6.415
-49.799
11.455
-11.127
5.5751
-20.016
1.9859
-23.508
18.394
2.8769
-1.8325
3.0947
-4.2496
-0.23923
1.1635
31.416
-2.1066
-1.7757
-13.629
2.449
4.6977
-2.0439
15.65
-1.0113
-6.0777
-0.037815
43.359
-6.1865
1.2282
13.03
-27.814
179.23
0.69209
3.5657
0.37725
5.6038
-10.552
4.8487
-0.7242
2.3779
-7.9437
-9.4167
-5.7984
-21.849
-5.4275
7.154
-6.2882
1.402
6.6782
-4.2644
-7.0608
-10.375
78.935
38.171
4.849
-9.8902
1.2008
-19.694
33.11
-1.8165
3.133
0.059004
-0.04116
-1569.7
-0.015762
4.8117
1.1424
-14.728
-8.7912
-10.859
23.607
1.7315
-9.7531
-3.6921
-0.85445
7.2878
-60.726
1.6642
2.449
8.5252
0.59956
1.1536
0.43047
7.6782
-4.7616
9.7518
7.0445
23.366
0.39068
5.0531
41.579
9.9081
-5.9824
-16.873
1.7886
-10.732
-140.31
-1.7678
-1.224
-38.544
-3.214
8.1706
-13.549
9.5256
-1.4214
14.175
1.2985
18.12
3.1225
-9.1858
-2.6859
9.2355
-10.104
170.02
-1.8282
10.034
0.99942
-3.9612
23.389
8.0191
-6.1959
-5.5754
-3.9513
-4.1741
-2.1629
18.853
18.349
-28.962
2.8792
1.6494
-2.9817
-191.69
-8.4976
8.7238
0.2922
2.996
430.92
-1.7133
-14.798
9.4588
3.4361
3.598
2.0255
-9.993
49.462
134.73
-327.76
-2.3268
1.7061
0.084627
-4.1202
1.0799
19.045
3.8825
-17.829
38.132
-12.016
-103.56
43.914
20.193
-4.6191
-8.9736
65.682
-1.8572
1.2621
-9.0311
-0.19714
-6.6779
-2.2486
1.5875
4.6057
-5.597
1.1651
-6.6706
21.513
8.9287
-0.99706
5.6887
3.9854
-31.171
6.8553
-0.70073
67.132
0.90509
7.9009
-9.7218
-2.5984
227.31
-0.24634
26.067
3.0917
-0.2928
-3.6462
2.2964
9.6682
-69.744
16.789
1.3203
0.80224
-1.3264
717.98
278.07
5.8099
-0.88941
8.5208
53.008
-7.1257
34.981
-5.6271
-1.2291
5.4361
9.2566
-22.71
-10.957
-6.5743
-25.709
-16.829
-6.0046
-2.9912
18.629
33.428
-5.1171
59.557
-14.106
23.349
0.42734
16.569
-6.5485
-14.268
-127.89
8.9497
9.4062
3666.8
-6.5114
3.4984
19.862
3.3555
6.3413
13.462
0.25942
-9.769
9.4488
-1.0392
7.5473
0.75318
0.074393
-27.071
9.0455
-4.7819
3.5052
6.2356
-79.592
-24.483
11.428
10.829
-8.0672
-7.9653
3.9154
1.5622
28.374
3.2955
15.377
-8.3604
5.9832
4.7306
-6.0331
199.84
-1.2006
6.472
-6.9385
-2.9046
5.0335
6.6922
-2.6046
1.2162
-0.19628
-8.6304
-1.2732
-2.9729
-4.0199
-18.454
4.5965
0.047649
12.742
-1.5263
0.13958
5.3657
9.238
-3.0329
0.92493
-163.49
-1.7704
2.2228
29.68
-1.8631
0.10538
-34.557
8.0787
-11.689
0.16936
14.069
-2.7401
-5.9035
-4.025
-8.6438
1.933
12.119
12.024
-96.409
9.816
1.2987
-1.8222
-4.8666
-6.3007
-25.45
323.88
-30.86
4.2292
3.0135
4.9977
-9.3773
1.0198
24.116
3.2238
4.9009
-0.91891
16.752
-6.4114
0.22018
-5.7867
-8.2705
2.1501
9.8128
8.1236
-1.4204
-21.843
5.5307
6.3986
5.6739
5.1078
-9.7139
271.14
-8.2243
23.128
-11.224
38.794
9.6888
20.071
-24.36
2.1249
-42.474
21.816
1.7404
1.0447
68.247
-2.6722
-3.6917
-4.5511
-1.7841
-11.035
0.059404
-1.8484
-5.0974
-1.7393
49.095
-2.3439
7.017
72.723
-11.993
-4.9454
54.561
25.482
-1.4694
26.296
67.275
-8.7186
24.064
6.0923
-15.224
-0.27752
-18.572
-8.9082
27.511
1.1108
0.64239
-11.526
0.5573
-1.855
14.776
-0.30353
1.7562
-31.93
4.5658
5.8401
-6.5868
-1.5084
7.4823
6.0858
2.0122
-13.196
-0.58646
-4.7679
-2.882
-5.4414
-40.509
-6.2589
19.514
-2.5966
-6.257
-6.1886
-1.1546
-0.24127
-8.3877
-9.8169
-3.4491
23.256
-8.0285
-33.88
-1.6891
-1.919
-0.48819
12.164
-0.92398
3.0335
-5.7599
7.5432
-14.616
2.3331
7.2015
-3.2482
-54.048
-0.047304
6.5662
-1.154
0.49981
-1.3065
2.9222
3.4183
2.9329
1.0972
5.6827
0.91758
-15.64
-6.9636
-4.62
6.1639
5.0827
4.0589
0.0067578
1.5602
-5.6822
23.155
-12.991
6.8585
-0.44232
-3.5832
5.6455
1.3032
-6.7438
-199.32
47.295
-1.9411
-9.612
3.6528
4.8516
13.643
12.517
2.8764
-8.0617
7.0924
8.0319
3.8372
-5.1035
-5.5897
1.5852
4.2647
9.7144
-3.5358
67.077
-6.5675
55.524
13.926
5.7507
7.7097
54.445
-7.9597
2.3242
-17.764
-6.817
-3.8702
4.0761
1.2221
-5.5653
5.1587
-12.416
3.8462
21.671
0.22529
4.9265
0.059794
-4.6585
4.5845
-1.2486
-0.8044
-2.3603
7.2337
-1.9466
2.0259
5.4967
-0.081465
-1.093
403.85
-193.33
0.4743
-15.551
-0.80544
25.02
1.4637
71.177
-32.869
5.7496
3.0753
2.8784
10.46
-12.27
66.071
0.77583
-6.9487
8.5885
2.2479
-3.1755
8.156
0.13028
-5.5458
9.177
187.51
0.61141
-19.421
95.991
-2.0152
2.7537
-0.68759
-0.017281
8.1527
14.331
8.7638
-8.2547
-42.497
17.026
1.6104
-35.2
-4.499
0.90455
22.117
-6.8034
3.5312
4.0732
9.866
7.1757
6.251
25.339
-7.97
3.4208
2.6201
13.644
1.7132
-9.5919
-9.056
32.437
-5.7567
-3.8871
3.3261
-5.2733
16.832
6.4254
0.41399
1.6712
-16.093
13.705
10.086
6.6765
1.8867
4.5296
7.8232
4.4449
0.55057
-9.3352
4.4044
-6.8707
7.3401
7.0097
42.906
-1.6455
9.0461
3.8819
3.1313
-2.1418
1.5424
4.405
4.256
-4.8703
1.6272
-32.246
1.4212
-95.215
8.2441
8.7168
3.6727
-0.58636
0.52477
-9.7672
67.801
19.61
23.048
-6.5637
3.5079
0.95508
21.899
-3.6841
125.28
11.069
-7.9281
-6.0269
-5.7471
7.923
-29.084
-11.307
4.2407
-13.189
1.178
-3.1515
5.5342
3.2926
-6.5512
7.1616
-13.584
-2.6889
6.0679
-5.4424
-4.6465
-21.894
-9.8162
2.2862
4.0658
-27.965
-2.2587
-0.75329
11.155
-12.157
54.93
2.5612
11.191
4.0733
-14.543
6.818
3.6738
-90.77
-17.517
0.53687
-17.378
7.8747
9.5254
-10.437
-4.3714
-0.3631
-2.4784
1.4331
-1.3439
23.077
19.202
-9.3919
8.4303
-0.15503
11.995
-11.108
0.46969
2.2583
-12.872
2.4308
-6.0629
5.5756
3.5847
0.56468
-4.7037
7.8111
0.43134
-4.2884
36.313
4.3785
3.4817
6.8708
8.4028
-87.008
-8.3354
44.742
-3.5188
0.56019
-0.19807
0.076424
11.374
-6.7727
-20.904
1.7069
-4.594
27.429
9.1893
4.6047
0.76731
775.48
1.3508
8.9415
9.0416
3.8931
-4.4868
-1.4331
9.9333
-4.7171
1.0273
8.6357
4.4054
-8.2045
1.3982
-5.2629
-6.1181
-2.4716
-6.4235
-28.803
-0.21691
2.3021
13.566
-4.768
-2.2715
-952.24
4.2611
13.119
-5.2413
0.56135
-2.8995
-0.18154
2.52
-2.9636
22.978
15.509
2.5079
5.5532
-7.363
-4.0506
9.9669
0.88266
-2.778
-2.8609
-12.593
-8.0502
-5.1931
2.4094
-16.692
3.2837
2.6471
0.67174
1.0624
3.1352
72.798
3.6121
6.1101
2.949
-2.5722
-12.276
-4.0437
7.0801
-8.6754
1.919
-49.355
3.1506
-12.809
126.18
-5.3227
6.9547
-2.6829
0.58388
1.6173
0.54663
-1.8536
5.2015
-9.6481
11.08
-4.5022
1.6666
-1.5776
2.1612
8.8083
-9.2809
24.399
-4.1813
-1.5212
0.75755
6.6709
-22.326
-235.93
-6.1155
5.3448
-3.1186
-13.103
-2.7585
-25.842
-2.087
20.713
14.206
11.809
-27.452
7.4859
-19.442
-4.8538
-3.8571
-2.2857
19.881
8.167
-13.316
3.4266
-4.6959
3.4634
4.2206
8.1254
16.782
-3.1205
0.66688
0.89416
-7.8943
12.963
0.092956
-7.658
3.3536
9.2242
11.049
-10.691
-24.999
-81.967
-1.3202
-17.355
-19.72
-1.5575
6.3309
2.2407
110.4
3.4496
4.8583
-3.9238
3.8091
-1.3158
-6.8898
-15.217
6.5674
-266.21
21.855
3.3198
-2.3425
4.263
-1.5838
2.4566
2.6718
-346.94
-15.335
12.672
2.3606
12.503
-1.5991
-0.72246
-5.6396
-1.1877
-7.7178
2.623
-2.3535
3.3661
-6.5654
-0.7464
1.4272
-0.80781
9.6901
-3.5366
-3.2463
122.25
0.40493
6.2417
2.4997
0.72645
-1.7231
-4.9733
-2.3956
-6.3082
-18.824
-10.199
-121.97
-0.73364
-7.7762
0.92624
9.8788
18.311
-166.64
5.5506
-6.3808
5.3396
5.88
-81.881
2.794
-1.7208
6.9024
13.955
50.647
-1.0293
-4.002
6.0235
1.9203
-14.493
5.8613
18.508
-0.56483
13.703
-16.408
-4.0956
11.618
-4.2431
-7.052
7.0214
-1.157
6.318
1.8938
-2.8247
14.234
2.6987
-5.1819
12.258
-14.206
12.488
-0.24283
-8.6324
-0.2513
8.1121
-3.9345
-4.9862
-1.966
-0.7079
-5.3904
9.0947
11.459
-3.0792
-2.8239
7.2819
39.723
6.6225
13.608
-22.779
-20.539
6.5125
-5.3898
9.0612
-8.1086
14.505
12.31
-1.3943
-40.283
48.025
8.8478
-47.084
0.809
7.0875
-0.69072
-7.5131
-2.0059
9.5599
10.957
1.4161
5.6029
-3.0109
44.798
-6.0945
-4.2629
-6.5676
-3.6684
51.401
0.23647
6.7625
-5.889
2.443
-1.8427
-2.6311
-0.66908
-2.6448
3.9305
-1.9463
-20.129
81.755
30.032
0.49022
0.47865
1.8788
166.99
-7.2056
4.8453
292.81
10.688
-6.45
-12.12
24.057
-6.3209
4.9919
-152.26
-1.6398
-2.4449
-8.4546
-1.0907
7.3206
5.1654
7.1016
11.254
-1.0342
4.9525
0.60914
12.168
-17.081
-6.5334
-46.195
7.3446
-0.25557
43.575
2.8609
11.694
-31.507
-4.2432
16.92
-17.617
-7.1976
0.93583
-2.1497
-10.763
-26.916
10.855
0.064979
-2.076
-7.3311
3.201
-6612.1
-4.4789
-12.602
-11.3
26.386
-125.69
23.578
2.9934
4.4328
-0.48755
-7.4085
-4.3518
1.4456
-0.94366
1.4618
10.509
-25.544
-29.382
4.2584
3.3983
2.6065
8.1367
5.8313
6.8854
158.27
7.0657
21.523
-34.457
-0.51382
-2.0721
-1742.2
0.37115
-4.9632
5.2345
-0.73292
-2.2072
-1.6437
0.60039
1.8613
0.31102
0.23318
-5.3717
-19.933
6.1174
-1.9187
-4.1548
11.653
-11.2
-0.41399
6.5947
-2.6006
15.07
-139.06
0.13322
-1.3817
15.263
-1.8985
-1.8309
5.1661
-3.5937
16.114
-3.2808
-21.488
0.24941
-3.2522
0.28107
1.3184
10.592
1.8935
-6.288
-7.8611
27.217
-6.06
1.1596
-0.53827
-3.0345
22.097
-0.99087
4.8842
2.0652
5.2453
-59.729
-9.6232
-1.6221
-6.6915
0.29508
-7.6828
12.649
0.39639
7.6796
-8.1812
-2.4202
0.93077
-4.4246
2.9758
-8.1296
-9.7672
-0.082251
14.021
-14.753
-5.7095
-12.23
8.5115
-267.41
11.954
-3.7967
-8.8118
-5.9918
-3.9906
-0.62469
10.921
9.2611
-5.3006
-57.394
9.0585
-0.50867
-2.3502
5.6029
2.585
23.045
-2.1681
84.181
-3.4325
-2.0396
2.2323
5.4164
3.729
5.7196
-13.009
-13.32
223.63
-0.29003
-29.734
9.4946
44.107
3.957
12.484
7.2251
8.4359
21.603
7.0888
-16.242
-9.973
-2.8648
-75.116
-1.1979
15.96
-22.221
2.3537
-45.711
1.2331
-9.6161
7.7746
-5.9636
-0.13972
13.29
2.0019
-13.5
11.713
22.279
1.095
-4.4268
-5.9888
-55.732
7.2765
-1.5832
-0.23254
-0.27984
-3.3289
37.948
-399.96
-5.9531
7.8575
-5.4757
11.524
-48.497
5.4234
1.5862
-16.611
-5.719
-6.8894
-7.4119
-4.3038
-0.21394
119.12
32.808
-6.7657
12.74
2.5649
-8.2502
21.136
-2.9255
8.3442
-5.6828
-4.7143
10.008
-1.6037
-1.047
7.0873
-5.0063
10.651
5.1296
-2.8921
-31.139
-0.67812
-2.5758
-4.4196
-1.1547
223.98
-34.247
8.5937
4.4172
-32.716
-5.2663
4.2726
1.5488
7.9581
-6.4795
0.39949
334.01
-5.4739
2.7204
-3.4951
8.9634
0.49518
-3.6223
-4.1281
-0.79625
-0.1582
-4.2458
-0.8217
-4.6338
12.247
82.005
0.14859
5.4427
6.7508
2.9159
-4.8769
5.6941
-2.3465
-3.8044
-24.008
-58.66
-1763
-2.0268
-3.1456
4.7733
-12.807
5.8139
3.1565
-7.8997
-181.13
11.552
-9.266
-10.502
-0.95114
-19.55
-3.3151
-8.4294
5.2291
-1.4494
-8.1838
9.7634
-39.193
-0.76229
-4.4699
-10.423
7.6273
-13.43
0.67888
-22.972
0.97724
6.4279
1.6462
-17.382
-2.6467
43.833
1.7152
-4.3001
-0.12415
11.892
-18.8
-7.2513
-1.5119
-4.7771
-6.5627
-8.6429
-4.6599
-6.2159
9.2163
8.7615
-7.8141
6.1079
-7.5855
4.4424
-15.896
102.41
-16.018
1.8601
7.8152
8.5162
0.85589
-1.7793
-1.0784
10.599
-8.367
-2.0472
-23.565
9.5923
0.90809
36.497
15.346
5.3275
-5.7109
5.3558
11.774
6.8955
-20.242
-13.447
-4.2628
-4.4513
4.2451
0.65575
8.5905
3.172
2.7638
-6.0922
82.383
14.077
-1.3298
6.9422
-10.923
-19.366
-4.2457
8.82
-36.72
6.9528
12.292
-8.3872
8.4625
-0.13713
-190.55
110.04
-0.7637
-18.502
-0.13576
-1.5669
-12.101
-29.813
-9.3976
-3.258
-14.435
-4.0597
-5.2763
-10.013
-3.3677
9.9203
-7.4608
-10.051
-3.1564
-4.4548
5.3688
47.506
1.9968
2.5873
114.41
-1.0123
-10.118
-33.244
6.4898
0.74604
-1.0357
-29.315
9.9564
5.7679
-1.399
6.7477
-4.8381
-75.821
-12.632
-169.53
5.9951
13.975
3.7661
-9.237
-1.6442
-12.329
2.2833
-0.8634
-25.467
10.943
595.75
-619.66
-4.0634
6.3584
-1.324
-4.8485
-0.028994
4.9507
-1.5442
6.1384
18.924
-11.902
0.52006
-2.436
1.5379
5.5302
-11.445
22.23
10.777
-5.99
9.6899
3.6004
6.8266
10.897
0.29876
0.012285
10.509
-8.0204
1.2731
-0.29012
15.525
2.385
-1.0846
-5.2109
-12.771
5.6451
-1.2731
-1.7743
12.434
-9.8175
6.4914
-0.34467
-105.65
-2.0136
5.7903
3.5758
-0.20494
33.125
-7.1644
19.439
-11.836
0.58708
-2.1626
-9.9107
17.476
11.334
-1.0999
4.7677
4.9534
-14.238
-24.194
-4.4617
-1.5158
14.556
-5.5438
-11.436
-3.4778
-16.511
2.736
-0.2387
0.9777
-4.5899
11.204
26.339
-7.7634
-4.9981
7.9082
6.9912
7.6506
-4.4818
-138.47
33.236
2.2356
-3.6866
-4.823
3.6739
-24.421
12.811
-21.307
-3.7078
2.8679
-0.43554
-0.13927
-17.071
4.9331
10.698
-10.25
15.994
15.903
8.7784
8.5083
9.6908
-2.7475
-8.1248
3.281
15.072
-14.16
-1.2133
9.0552
-6.235
8.5782
-1.5596
-1.2096
15.343
12.868
8.1837
-11.754
2.0739
4.7055
4.2278
-0.16981
-4.29
-0.17414
0.325
-9.428
54.764
-3.473
-13.697
1.0767
-5.9429
13.8
0.81023
9.81
20.155
-1.3409
67.035
14.151
-4.1551
-5.2317
4.4682
1.0318
-18.301
4.4267
-5.8386
3.8151
-230.32
-0.69899
16.683
-8.1069
3.5333
-7.8117
-35.96
3.1801
-4.4804
10.579
-12.898
2.0614
2.2147
144.96
1.3719
13.656
5.9119
-0.77663
-11.022
0.82063
0.0431
-4.6798
-28.072
4.9499
0.49126
6.4198
-3.8651
-5.8128
-0.98803
4.856
-0.7484
1.8513
9.1566
5.3713
4.7282
17.863
-2.7819
5.7075
7.0666
-6.9854
-13.79
8.3558
-0.99196
24.419
2.795
24.908
3.62
9.0362
3.7447
27.229
-2.6619
1.6834
-11.209
-11.734
3.3516
-26.367
12.747
-12.369
11.441
-4.7664
2.1183
3.3282
6.6686
4.471
-3.7484
-2.1453
-0.85863
0.10081
0.70711
0.82859
2.5665
-3.4669
5.5847
-3.482
9.6772
-6.8297
-2.2012
-4.8298
-7.6414
12.168
29.948
5.4486
168.05
-6.9507
-2.6682
27.595
-2.8171
4.9621
6.0764
-10.302
0.11104
-6.0439
7.5448
-4.9516
27.515
-4.237
-6.3519
49.215
2.5539
10.179
-15.564
0.47994
4.8951
-4.1437
4.1064
-2.1388
-14.03
-0.67135
2.2032
7.0208
6.8715
-4.5686
-6.9306
2.0263
62.646
-8.5797
12.455
-0.087704
16.253
0.25719
-3.5381
4.9949
13.786
-0.93489
0.88494
5.4839
19.907
1.1498
-25.163
-0.87159
-7.9197
-0.91732
23.529
18.594
-42.04
-0.66412
11.131
-4.9036
19.002
-0.049153
-12.253
11.171
7.5029
-17.164
-5.4538
20.794
-5.5118
-3.5072
7.8258
7.5065
-11.928
-8.1921
19.894
12.274
15.074
0.2563
-0.22825
-20.703
15.256
9.2783
1.8768
-2.8452
-27.374
11.526
0.51527
-2.766
-3.3384
2.7462
3.7031
5.2091
-8.9073
-7.837
-30.386
7.2011
0.99773
-61.214
5.7871
4.1278
-16.771
-6.3241
0.0066107
4.5595
9.6877
-10.95
-0.74999
8.5482
4.9758
-26.531
-8.8229
0.61129
-8.9128
1.0429
0.32384
-4.766
-14.799
-9.9328
-4.7439
-4.7217
11.692
-148.02
-19.043
-3.1021
3.9905
16.879
-2.5191
-3.5514
205.63
9.5978
-6.049
-0.089751
4.2087
4.0425
9.6506
-5.3594
-2.2657
8.7937
0.58718
4.5145
-11.694
22.336
-12.005
-239.13
0.5686
-9.3648
-7.7795
-7.5657
-1.9844
9.1714
-2.7726
-2.0711
13.387
-1.4554
-20.242
-8.3083
0.059833
-1.2528
-1.7697
3.9368
-4.0839
-0.022331
2.1647
23.652
2.0324
1.6351
6.6749
-0.97614
9.2566
7.3703
-2.5023
23.419
-3.684
-2.7538
-19.563
13.084
5.0038
-5.1154
11.807
21.158
-1.5313
7.0659
-12.751
183.07
12.363
0.27146
-1.434
-2.2753
-28.522
-6.3351
5.8385
3.022
1.057
6.9416
7.4819
6.6311
-9.6937
3.4366
-92.571
13.114
0.52093
-1.2023
-102.42
9.0375
-0.70606
9.6225
5.2717
3.9544
27.101
4.5342
1.8574
9.3788
-13.457
0.65534
24.607
15.221
42.171
-4.0269
4.4627
-11.244
-2.4449
0.35076
11.1
-2.0178
15.808
-5.7611
-8.1451
14.695
1.7953
-8.4626
-20.582
-0.46434
-5.6579
-570.83
71.571
14.623
-5.3203
-8.9225
2.879
11.266
0.37457
-10.955
-132.19
-2.456
3417.2
27.84
-2.3682
2.1234
-13.889
-0.94911
4.4404
-3.5448
-0.34123
-7.4845
-404.75
0.7807
-0.74291
8.5998
-28.33
15.136
-3.4385
-45.597
0.55862
2.0582
6.8
-10.151
5.6673
-3.5501
15.993
42.725
7.0059
0.26091
-10.801
-3.7094
3.8725
7.0196
-2.5745
0.77801
10.233
2.6832
-8.8632
-18.07
-5.984
5.3618
12.73
-19.99
-96.07
10.121
-3.4819
-60.373
-5.5256
1.0457
29.214
-1.1653
-27.2
2.1706
1.882
-2.2604
11.508
7.401
1.7684
-35.624
-7.6888
-7.5954
6.3004
8.7515
0.065343
1.733
7.1213
-0.97172
-12.054
5.3918
3.9783
-30.658
61.91
4.8371
1.0911
8.9843
44.466
2.0343
-4.0609
3.724
-9.4869
-29.489
3.2761
4.1193
-19.399
-2.5779
13.095
-2.8248
-0.80127
1.6665
23.088
-8.9652
3.3142
-2.3066
-85.59
2.4065
2.8006
1.7902
-22.389
1.3933
7.7271
7.4267
6.5674
0.40403
-26.674
-3.7064
-113.01
11.313
0.73161
-3.6009
-2.9637
-1163.4
9.1043
3.9994
-28.349
17.36
-810.99
-5.4076
8.7846
-2.9751
1.9251
2.2483
-13.031
-0.92693
-21.599
-7.4486
12.642
-0.75146
-6.8119
8.0198
-6.0386
1.9059
101.49
-4.5432
5.4475
-3.5523
2.4612
-31.495
6.9195
-7.3411
7.3205
15.18
359.93
0.50735
-0.68568
8.7716
-108.19
-7.6042
-1.2699
6.7875
-4.3057
8.3699
-11.474
-9.3084
-47.805
-40.869
-3.5627
-7.5438
-33.443
-7.5153
-2.6786
3.1168
-18.016
5.6591
-19.23
-150.73
7.9522
5.0494
0.97404
-8.6126
-34.112
6.6267
-4.9866
27.237
-3.4074
4.9276
-5.0259
-1.7605
3.8016
2.0526
-25.486
-1.1134
-9.3219
-1.6924
-1.758
-15.669
-1.7286
2.8403
9.4224
3.0222
4.8906
-3.5313
2.0056
4.2622
5.5662
35.009
-16.178
-2.0751
7.4622
-182.17
-8.8385
-2.0925
2.4174
83.863
-0.67585
-4.377
14.306
10.228
-8.3414
-4.8113
-413.95
3.733
17.96
-6.7604
11.082
1.0443
-7.5145
5.8991
19.589
-1.0823
-5.6295
-16.61
-71.431
-4.1785
2.5802
-0.75028
11.477
8.4205
0.21085
4.2714
-2.0217
1.5093
15.627
-1.4865
-4.2128
-3.3893
-0.2056
2.0047
-11.218
-6.9725
-8.3192
7.4819
7.9276
-7.3639
-5.638
-29.39
1.306
18.39
3.7432
-3.2606
16.059
962.44
10.494
-21.932
-6.7441
-5.9776
1.0057
9.9636
-5.6824
0.86495
-15.931
5.5407
6.5606
17.832
-1.3825
7.4816
5.1089
0.57277
2.525
1.2865
5.7155
22.012
8.5253
2.0366
-14.447
4.4237
61.458
-2.0394
0.015639
7.5903
0.47095
-9.5722
-6.8958
12.805
-49.583
-2.2318
-5.435
3.9072
-1.3938
-3.0941
10.015
2.6442
15.553
3.4025
26.099
-0.2051
54.839
-0.96607
4.6588
11.449
14.496
0.21879
3.5107
18.277
19.705
1.7483
1.1526
8.326
22.286
6.5501
-0.91886
-2.2316
-1.8491
7.3572
-0.94638
-5.1829
19.014
4.9186
-6.3127
-9.669
-5.162
12.752
-3.7592
-17.647
-1.8893
-3.873
-32.272
7.6939
18.775
5.9618
16.995
-9.0187
-5.4491
10.147
6.7525
-19.333
-5.0223
-3.6522
8.5668
22.035
6.6749
-6.9205
-7.0068
16.356
3.9915
0.75523
8.9355
-5.9422
4.6682
5.6995
10.335
4.9163
9.1857
-5.7278
-23.708
-5.8892
33.251
3.3613
-3.9203
-258.66
-3.9772
11.17
-1.3993
-6.349
-5.6757
3.4306
10.73
-81.226
-3.5145
6.2639
0.68375
-6.7897
-2.8354
-30.51
-8.0427
4.4144
2.7616
7.5211
0.96631
-1.7078
-128
-34.656
1.6675
-6.7751
-6.5366
-1.7086
-0.4067
-135.7
5.719
6.3157
13.871
5.1473
2.3709
-4.1072
9.6163
32.061
2.3044
-16.05
-319.92
-2.2841
-56.9
-1.3332
18.965
-0.38929
-1.2704
0.061915
-1.344
-6.7185
-13.803
8.5575
0.083876
1.498
-22.989
7.125
3.4812
3.813
-16.133
1.987
4.7076
-50.273
0.36665
-39.934
11.966
-4.4151
-1.15
6.6037
-14.271
-0.8618
2.6739
-7.5231
-4.0481
27.47
11.635
1.1841
16.085
-0.24013
6.8011
-1.3018
0.19648
3.0372
-23.138
13.397
11.224
1.9477
-15.809
-2.7216
7.0276
-5.5612
25.025
-30.877
-9.4383
-7.7791
22.392
-26.26
-3.0322
6.5321
3.3661
8.2092
-1.8095
5.2055
123.99
7.8756
0.62155
-0.60062
-50.358
-0.40713
9.4822
1.2603
36.931
10.251
-11.015
17.277
-0.18367
4.9695
0.98027
-6.6442
3.4231
-0.12745
4.2428
-4.8099
-4.4776
-8.2969
0.27211
-4.9684
7.4546
-4.6471
-3.5053
1.9299
-5.2912
5.5965
0.53253
-3.3428
1.0143
14.56
0.34882
2.5135
-5.763
-33.031
-1.8907
16.165
4.3728
4.6295
-3.234
-13.371
2.6641
6.343
-3.17
-0.92578
-2.108
28.796
3.1837
-14.065
830.09
4.402
-215.47
7.6125
-6.0327
-11.018
0.64778
0.93988
7.7414
-6.1591
12.714
0.87838
-17.683
-11.382
43.085
-2.7313
-0.41402
-12.193
-4.4
-6.4471
12.301
5.6924
25.398
4.7913
14.3
-23.612
1.7551
57.987
-0.94343
-11.365
3.3348
-4.8525
-10.56
-4.0306
-64.739
-9.3522
5.7814
10.832
-95.05
0.77354
11.856
-22.078
-11.563
-1.6504
5.0732
-2.6447
26.641
-0.24907
0.0058973
18.31
-3.2001
7.599
5.7056
-1.3768
5.8728
-21.132
-23.723
-3.4
0.9503
1.5891
-9.9214
5.9987
10.649
-1.6248
-15.723
-9.9742
-0.06468
-9.2464
-7.0339
3.7123
7.5911
-6.5771
-2.7849
-5.5121
27.034
1.7611
-26.626
-3.4405
2.4591
26.054
1.1173
14.698
-6.0008
14.525
-31.307
15.816
-17.617
1.9216
9.5623
10.235
-3.8747
11.517
7.5668
-11.253
-1.5256
7.1507
-0.84359
1.1778
-5.2777
-4.0586
21.644
92.785
-1.0403
1.9787
-4.5467
-8.7021
4.5979
-13.234
-0.9256
-7.2307
16.801
12.189
-17.607
-0.7143
-30.664
-11.918
-3.7443
12.357
-13.459
-0.73239
20.949
-3.9022
5.2698
3.3493
-3.8079
-21.726
-0.53603
7.0257
-1.4561
8.5131
-24.264
-18.154
-3.3643
-5.6609
187.76
-4.2197
9.8878
11.814
-0.85779
9.153
2.0777
-6.5508
-14.345
-4.8421
-10.973
-708.84
-4.838
5.6469
12.124
-3.9273
-2.8169
-1.1151
8.4606
0.22326
-1.1557
-5.0748
2.7983
-1.4191
-8.7785
-23.023
2.4447
-2.3644
129.29
0.56461
9.0219
169.94
8.9066
7.2044
4.5997
0.025259
45.185
-9.9183
2.7533
-253.52
-3.8987
-3.9136
-64.088
59.501
-4.1511
4.8161
-10.613
-11.864
-2.5932
23.771
10.561
-6.1921
1338.8
-13.746
-2.3673
26.501
-68.286
-2.6556
-19.627
-26.172
14.006
-17.209
-6.4812
2.2323
-15.379
7.344
-11.541
109.81
7.117
7.1511
-9.7921
-4.5862
7.4896
-0.54871
-3.2164
-2.3412
3.7744
6.3187
2.7279
-0.27617
0.49465
6.4042
5.5177
-7.1498
5.1965
-0.13526
-119.84
0.024649
0.1291
-4.702
3.6247
3.2778
-15.539
49.581
4.6778
3.9733
1.335
4.0365
-6.1901
-5.5464
-8.8347
-8.6975
-9.0392
-8.0032
3.6655
49.837
-11.982
4.3153
8.8736
10.91
-1.3569
-0.77519
-13.155
-1.2731
6.3446
-55.705
-15.878
1.9794
2.8594
29.048
20.314
0.34114
-13.505
-61.552
10.321
3.8696
1.0951
1.0687
28.028
5.001
-5.9155
93.447
5.5188
7.6489
-197.97
-8.3975
-0.0066765
-2.0487
2.6123
-0.11825
2.3638
9.0895
19.494
0.092437
-1.1667
-4.2399
137.78
1.7683
10.728
-0.80517
2.6834
-3.1136
-2.9974
-81.547
77.351
-19.55
-83.646
44.84
-0.19787
-1.0256
2.2661
14.005
-4.3094
-9.9577
-13.048
3.3141
-2.0488
-6.3869
29.214
-6.205
5.3524
-2.1324
-7.0587
-1.6022
-13.586
21.558
-52.421
-4.8766
4.7743
-3.1668
5.3204
-30.49
3.437
-19.017
2.301
11.757
-1.6597
0.97379
29.382
-7.3903
2.4733
-0.60744
-14.409
14.725
1582.8
2.335
67.143
-3.8918
4.1029
-4.5587
0.15403
7.0254
-28.444
-109.74
-4.8012
43.363
3.7109
-3.6376
5.4728
3.1588
-8.2281
110.8
23.241
-3.6103
-21.772
240.24
1.1181
1.9516
11.347
219.44
7.2713
-177.27
-7.8201
8.6817
-4.65
-2.7268
-1.819
0.047053
-31.906
-8.8046
9.378
10.423
-0.73635
-6.7755
1.4086
-0.17385
-3.4918
-1.0924
-8.3478
-16.458
2.3538
-0.58983
-13.022
-21.352
7.6104
5.8707
7.7599
1.4456
-0.22059
-3.4902
1.63
2.3111
6.3033
9.2088
-4.2106
12.933
-502.07
14.991
17.701
-3.3895
3.0104
-9.4873
31.475
-16.104
2.7863
0.60152
8.5043
-0.77158
-4.2157
-16.143
11.668
-5.2876
9.0695
4.7288
-6.2223
3.7611
-8.8058
10.167
31.638
3.3347
-64.759
-2.1355
0.25166
-0.83648
-13.47
50.151
-26.48
-6.2963
4.9495
-8.2706
-2.2807
17.631
6.8678
0.94187
-41.867
-4.417
-2.9941
2.6036
-35.918
5.9928
-1.0267
13.258
-6.3891
-20.493
2.4808
2.2898
9.0785
-8.9727
-3.8332
-6.8204
95.616
-3.3524
-7.2491
6.4058
-125.14
1.8223
-10.312
1.3202
-9.6706
-5.8774
30.524
3.7001
-7.6082
6.1295
-0.46797
-1.0136
-6.9995
79.115
3.4182
-2.3963
-2.6447
6.1001
6.3094
-45.474
-0.81719
4.6442
8.7829
-5.3568
-10.646
2.0152
0.62743
7.894
0.27439
-1.8643
0.6843
-6.0797
5.2745
9.9896
5.3314
4.9093
-5.0074
4.7831
24.059
1.5231
2.3413
5.6124
-0.97608
-1.8457
-3.9829
-4.5657
31.924
4.9887
357.56
3.4054
-10.213
8.7242
35.959
-59.263
-0.23767
-3.334
1.9658
-41.643
-0.786
1.4357
0.64713
-5.8494
23.932
-3.4796
-10.475
45.703
-53.724
8.4377
-19.972
16.323
-13.11
-3.7173
-1.6725
2.1549
-45.369
-0.69277
4.7198
4.5492
1.1324
6.0069
8.6421
-5.596
-4.0462
13.018
8.8786
3.9923
-4.1161
5.2559
-13.128
14.21
7.8684
-76.521
-50.366
-4.3024
6.93
-2.1772
-13.53
-5.2893
-5.5316
-1.3406
4.6897
-4.5595
-15.558
4.6372
-29.379
-14.725
-2.7309
-4.3213
3.3862
1.1309
-0.53202
156.15
1.2204
-1.9966
2.0333
3.0049
1.8599
3.5334
28.597
4.7232
-0.18949
0.21209
-0.28267
-3.5648
-4.2115
1.8417
11.466
23.274
-20.334
6.6331
-6.0658
7.5378
-9.0268
8.2186
-2.6219
4.5357
3.6153
7.7237
3.9338
-2.7173
4.5856
-35.077
-4.9177
-2.8115
-1.796
-17.036
-9.2165
-13.553
3.0512
-0.22
14.963
-4.4927
24.333
-6.2298
-3.2007
-21.571
3.6989
4.0264
13.855
-2.3247
-3.2172
103.71
-2.0242
-2.301
21.436
-5.6925
-14.952
-0.29439
-8.181
-2.5616
77.654
-7.6074
3.7316
-25.991
-4.554
-3.9813
9.1691
15.978
-6.8564
-10.178
3.0786
-11.05
4.54
-339.62
-39.835
-329.61
4.6274
7.8633
-5.277
-73.318
9.0536
2.1438
-0.70103
-2.7524
-5.99
2.6473
10.627
-26.886
11.31
-8.7678
-3.1555
4.4885
-21.136
-8.2967
-1.8845
3.7707
-8.9998
0.90596
-2.9226
10.312
13.504
-35.187
16.957
4.9044
-22.337
3.9205
2.9317
52.078
5.2503
0.85907
8.1219
15.252
3.5603
5.9686
-4.7761
8.3469
36.512
9.797
-15.743
0.20071
-2.9367
-5.5564
-11.062
28.331
7.0642
0.19322
-21.818
-0.43126
10.257
0.17061
8.5982
12.464
1.3366
3.7134
7.942
-7.6708
7.1311
7.6579
5.0138
2.721
-2.9359
-9.468
5.8172
-2.8417
-13.643
-14.42
28.727
-9.4555
-18.201
8.7716
8.2395
0.97972
5.9781
-2.6296
-13.447
7.9935
9.2282
2.5923
2.6315
-6.4675
4.9553
1.6515
-9.2905
2.3495
-6.9845
9.5963
5.8881
-2.7543
-2.3495
-5.6125
2.3668
-7.4337
3.8797
6.7798
6.4246
19.797
-129.02
13.618
-1.237
5.0233
-106.07
-4.5811
-6.7087
-1.9725
-6.4219
9.0706
-0.84284
2.2703
3.0035
6.1547
4.3681
44.957
-17.688
10.258
-3.9429
17.181
-17.152
-6.202
3.1983
-1.9514
-5.1463
4.8472
-5.9224
125.6
8.4774
