213.81
-9.3164e+05
213.8
-3.3462e+12
213.81
-2.0594e+12
213.81
-1.6386e+10
213.81
213.81
213.79
-3396.2
213.81
213.81
-27452
213.81
213.81
-4.0918e+08
155.38
213.81
-2.8075e+07
201.62
-6.3628e+13
213.81
-2.9411e+05
207.74
213.81
213.72
213.8
213.81
213.81
193.24
-2197.5
-4.2851e+09
213.79
-4.9628e+07
200.23
-6.5798e+11
213.81
213.81
-5.4499e+13
-2.548e+12
-6474.3
213.81
213.81
-3.6217e+08
121.34
213.81
-6.0724e+12
-3.172e+13
213.81
213.81
-2.1959e+10
213.81
-3786.5
213.81
-218.67
213.8
-1.1812e+05
-1.1735e+05
213.81
-2.6406e+07
-2.0485e+10
213.17
213.78
-2.8681e+10
-5.223e+11
-19552
213.81
-15496
-6.5175e+07
-740.21
213.81
-203.06
-4198.9
213.81
-1.8567e+11
-6.5594e+05
161.79
-1.2586e+07
-1.2161e+05
213.81
213.72
213.73
213.81
-6.3558e+13
-2.3393e+05
-1.2116e+14
213.81
213.81
213.8
-7.1492e+10
213.81
213.27
-37943
213.81
23.946
-4.3514e+12
-6.7982e+10
-24.651
-2.0546e+06
213.68
-5.2824e+10
213.81
213.81
-4.1673e+12
-7.1828e+06
213.81
-7.234e+06
145.05
-6417.4
-7.6583e+12
-1.4345e+07
213.81
-3.152e+06
213.81
213.68
213.81
213.81
213.53
213.81
-74761
213.81
-2.1936e+13
213.79
213.81
-3.6597e+11
213.81
213.79
-8.8566e+11
-7.9486e+12
213.81
-9.6298e+08
213.81
-5.0687e+06
212.54
213.81
213.78
-1.9686e+08
124.14
-8.5176e+13
-6.8204e+07
213.81
213.81
-1.6676e+13
-6627.9
213.81
213.81
213.81
-1713.8
-705.16
-7714.3
-3049.7
-3.32e+11
-1.2207e+05
-45163
-60.332
212.52
-5.222e+10
-1.677e+08
213.81
213.81
213.32
-1.2835e+12
213.81
-6.3315e+13
-8.363e+06
-3.4342e+05
213.76
-3.3903e+09
-2.6523e+13
-300.66
-4.8431e+11
213.81
-6.798e+07
213.81
-1.8422e+13
213.8
186.68
-3.65e+06
-4.992e+12
213.81
213.81
-1.4999e+06
174.76
191.02
-5.135e+08
-1.2357e+08
213.81
-9399
213.81
-3.4135e+05
-4.2139e+13
-2.1084e+09
213.81
-55548
-4.6664e+05
-1.6437e+12
-2.176e+11
187.53
213.81
-8.6487e+07
213.81
211.35
175.65
213.22
213.81
-4.9097e+08
-5.9747e+13
213.81
-1.5519e+12
213.81
-49541
-1.7831e+06
169.48
213.77
213.81
-23686
210.68
213.81
213.78
207.73
213.42
-4.2261e+08
-16708
-2.5262e+10
-4.9101e+05
213.81
-1.1806e+05
-3.9546e+10
-1.6666e+05
213.81
213.81
-2.0511e+11
-9.3701e+11
213.81
-15947
-67394
213.81
213.58
-7.2937e+06
213.77
-1.1576e+10
-3.775e+13
213.81
213.74
-5.3655e+06
213.81
213.81
213.81
-5947.2
-5.0244e+05
213.81
213.81
-1.7707e+09
-5.9191e+07
213.81
-9.9659e+10
-4.5187e+09
213.81
213.81
213.81
213.81
-5.5979e+10
213.81
-2.678e+09
-3.9079e+05
-3.5117e+07
-1.9112e+05
-1.4141e+12
-1.1363e+13
141.07
-6.0105e+07
212.25
-2.9478e+13
213.8
213.79
213.16
-4.4557e+10
-2.0277e+05
-6.8606e+12
-1.0448e+12
213.81
213.54
213.81
-1.7559e+11
-2.3064e+09
-2.1312e+08
-3.8828e+06
-5.3581e+10
-9.6064e+05
-80864
213.37
-7.1714e+09
213.81
-1.0484e+07
213.81
209.09
184.54
213.81
213.81
-8.3819e+12
-62.948
213.67
-32010
213.81
213.81
-29513
-2.2775e+09
-2.0601e+11
213.63
-7.0648e+08
213.81
-2.0787e+12
213.81
208.99
-3.5511e+08
-2.4491e+11
213.81
213.81
-7.7834e+08
-4.4962e+06
-2.9295e+12
-5.7722e+13
213.81
213.81
213.81
213.81
209.65
-2.3386e+10
213.81
213.76
-1.4874e+13
213.81
-11071
212.54
-3.26e+10
-2.914e+10
-1.5782e+14
213.72
213.81
-1608.7
213.81
-3.3793e+12
-7.1201e+06
-50873
-1993.5
213.81
-3.704e+11
-337.74
213.81
-1.3512e+09
-3.391e+10
-1.1358e+06
-67802
213.81
213.74
204.91
194.78
-6.1829e+09
-8453
-1.0134e+07
213.81
40.244
-3.3529e+11
-6985.1
213.81
213.81
-4.9696e+05
212.4
213.81
213.81
213.81
213.81
213.18
-4.158e+09
-1.547e+07
-597.41
-7816.4
213.81
100.23
-8.3513e+10
213.81
-745.45
213.81
213.81
-1.5032e+11
-7.5226e+13
-8534.5
-1990.6
-1.1287e+05
-69231
-2.0519e+13
213.81
-1.3659e+06
-6.2169e+09
-6.0602e+10
213.81
14.504
-2.3725e+08
-3.1288e+07
-3.1153e+13
213.81
-3.6251e+10
-4.1528e+11
213.81
-1.3441e+10
-7.3236e+13
213.81
213.81
213.81
156.85
213.81
-3.3138e+07
213.81
213.81
213.81
213.81
213.78
-3.9709e+06
-2.1595e+05
-1.8772e+06
201.28
213.81
-3.5227e+09
-1.5192e+12
213.81
213.81
213.81
213.81
-5.9139e+11
-4.5345e+13
213.81
213.81
-1.9155e+08
-2372
-1.7772e+06
-1966.2
-3.0146e+13
213.81
213.81
-3.1432e+11
213.81
-6.5547e+11
-8.5223e+13
213.54
213.81
-2.8408e+06
54.252
-3.813e+11
213.81
-3.7816e+05
-9.4557e+07
-1.0037e+14
-1.0811e+10
194.62
-1.1895e+12
-7.2014e+08
-4.8183e+07
-1890.4
-1.7655e+11
-2.8566e+09
-3.2445e+08
207.4
213.81
-4.2368e+07
213.81
213.81
142.62
-56255
213.81
-8.2184e+12
-8.5968e+07
213.81
207.93
213.81
-3.8691e+13
213.81
-1.2289e+06
-8.2584e+06
-7.6955e+06
213.81
-1.0136e+08
-797.08
213.81
213.81
-5.7373e+07
-7.1582e+08
213.8
213.53
-1.1441e+09
213.76
213.75
-2.8142e+08
209.61
-10203
-3.3175e+07
-7.9528e+09
185.12
213.81
213.81
-1.5718e+07
213.78
210.41
213.81
-69307
211.19
-518.66
213.6
-4.9985e+13
-7.2054e+08
213.15
213.79
-7.915e+07
213.81
-1.4056e+12
213.81
-3.2635e+10
213.81
213.81
-1.7283e+11
213.81
-9.6053e+09
213.81
213.81
-2.2549e+06
212.83
213.31
213.81
-7.9892e+10
213.8
-3.7348e+06
-5.3965e+13
213.8
-4237.9
213.81
213.81
-2.2013e+05
-1.0353e+07
-4.7564e+11
213.7
213.81
-5.4586e+07
213.81
-1.4783e+07
-3727.4
213.81
-1.4781e+05
-51.809
213.49
213.81
-6.8119e+12
-5.8503
212.75
213.81
213.81
-3287.6
213.81
213.81
213.81
-67728
-1.9961e+09
-1.8754e+09
-6.6923e+08
-5.1076e+05
-5.3854e+08
213.81
213.81
-5.2775e+08
213.81
213.81
-19009
213.81
-3.1801e+09
213.81
-1.4468e+05
213.81
-1.3465e+08
-5.6266e+11
209.78
-2.0144e+08
213.11
-8003.1
-2.3873e+09
213.81
-4.8758e+09
-3.8337e+05
-7.1063e+10
213.81
213.77
-3.1743e+11
213.81
212.97
-9.711e+09
212.5
212.51
-1.024e+10
213.81
213.5
213.81
-2.2421e+13
-4664.7
213.81
213.8
-3.0295e+10
213.75
-6.0633e+07
213.81
-1.8351e+10
213.64
-2.2548e+08
-2.5944e+12
-2.0714e+11
213.73
213.81
198.4
-6.4339e+11
213.81
-9.5592e+05
213.81
213.58
-7.1518e+09
-2.1473e+13
204.39
-1.2798e+11
-37872
213.81
-3.6496e+08
-1.1184e+10
159.57
213.81
-3.5441e+12
187.53
-1.9519e+12
-6.538e+12
-4.1328e+06
-2.2655e+10
-5.9886e+08
-8.7043e+09
213.81
213.81
-2.1888e+13
213.81
213.81
-1172.6
213.81
213.81
-4.1436e+08
213.81
213.81
-2.4694e+06
-5.2039e+09
-2.1192e+10
-1.8053e+05
213.81
213.81
-1.9791e+13
213.81
208.95
-718.02
213.8
-3.1999e+10
-1.1866e+08
212.96
201.08
-1.3385e+05
174.7
185.77
-2.2755e+13
213.81
-2.8907e+08
-2.2692e+07
213.81
-2580.2
187.26
213.68
-1.0952e+05
203.33
-2.2464e+05
-3.8634e+11
183.58
-1.3642e+13
213.8
-67.41
-5.1076e+05
-3.0124e+12
156.74
-1.7091e+05
213.81
213.8
-58911
-731.22
-2.3099e+06
-1.2832e+08
213.81
-3.9705e+08
213.81
204.56
213.79
-1.5579e+05
-2.1389e+07
-4.2834e+07
-3837.4
-10958
212.71
213.81
-6.401e+10
213.81
-2.0893e+13
213.81
-8.1913e+09
213.81
213.38
-4.6985e+07
-7.5165e+06
193.61
213.81
-7.5536e+06
-148.84
213.81
213.81
-3.2168e+09
213.81
213.06
-2.1293e+09
-89110
213.81
213.81
213.81
213.81
-3.6007e+09
213.81
197.99
213.8
-1.4657e+08
213.79
213.81
79.041
213.81
-11023
-2.7472e+08
213.81
-34880
-9.6613
213.79
213.71
213.81
213.54
213.81
-92.499
213.81
-3.4812e+10
213.81
-7.4828e+11
-39203
213.81
-2575
-5.8645e+13
213.81
-3.9611e+10
-5.4436e+07
-1.1604e+14
213.81
213.61
213.81
-7.3048e+11
-11153
213.81
213.81
-1.2077e+14
-2.2804e+10
-1.2301e+13
213.81
-1.6306e+13
-5.3509e+06
199.56
213.81
31.498
213.63
213.81
-3.3811e+12
51.471
-2.2528e+12
213.81
-3.3761e+07
-8.1172e+13
200.1
213.81
213.81
-19837
-262.22
213.81
213.81
-8.3916e+05
213.81
209.89
213.81
-6.8392e+10
213.8
-3.5949e+12
213.81
213.81
213.81
77.935
-2.084e+11
213.81
213.41
213.81
212.75
213.8
-3728
213.81
213.81
213.49
213.81
213.81
213.79
213.8
-1.9497e+09
-3.0163e+13
213.8
213.81
213.81
-16208
67.558
213.81
-893.57
-1.681e+09
213.81
-2.7598e+09
213.81
213.81
-1.4714e+08
-9.7238e+13
-1.8679e+11
-1.1559e+06
-4.7861e+12
195.89
213.81
213.81
-3.8611e+05
-7.5691e+08
209.41
197.3
138.74
-6.5846e+05
-3.524e+08
149.76
213.81
-1.0444e+13
-1.59e+07
213.81
-1.203e+11
213.81
-3.403e+06
79.906
212.18
213.81
-1.6627e+12
213.81
213.81
122.84
213.81
-3.8768e+12
213.81
-51.563
-1.2686e+06
213.81
-1.4591e+10
-3.8179e+12
213.81
-1.4244e+10
213.78
213.67
-3.0645e+10
-2.1669e+12
-3.9655e+10
213.81
-8.6204e+07
213.81
213.81
-3.287e+05
-2133.8
-2.1638e+13
-646.38
209.76
-5.4544e+05
213.81
213.81
-6.9688e+08
-1.2513e+06
213.8
-1.2819e+11
-9695.4
-7.3933e+11
213.81
213.81
-2191.6
-9.8567e+05
213.81
-494.89
-4.3593e+13
213.81
-5.4543e+06
-9.6803e+05
-9.8074e+12
201.92
213.81
212.33
-1.0819e+11
-48304
213.81
-1.0561e+11
-3.5849e+09
-2.1168e+07
198.03
213.81
213.81
-23340
213.53
-2.5498e+13
213.81
-3.859e+05
-4219.2
213.81
-4.7704e+12
213.81
-2.5926e+06
213.81
-1.1149e+14
213.77
213.81
94.805
-1.9907e+09
-4.4428e+12
-4.3363e+11
213.81
-1.5347e+06
-2421
-5.186e+11
4.3996
-4.9529e+08
-7.9674e+10
212.97
-2.972e+10
212.68
213.81
213.81
213.81
-6.3232e+05
178.54
97.069
-4.9026e+09
213.81
213.81
213.81
-3.9115e+07
-1.8953e+10
-22982
-1.027e+06
213.81
-2863.4
213.81
-4.446e+10
213.81
-1.9597e+13
55.158
213.08
-8.8467e+08
204.55
-4.1664e+08
-42827
213.81
213.81
-4.8822e+13
-26.875
-4.5159e+06
-2.5023e+09
213.81
-2.225e+10
-8.3184e+05
-3.3236e+08
-7.2943e+05
211.98
-1.7254e+11
213.81
213.81
-2.5404e+08
213.81
-6.3697e+13
212.84
-9.5827e+11
-2.1047e+06
-5.9765e+05
-1.3112e+12
-7.4967e+05
213.81
-43748
-8.8105e+05
213.81
-1.1563e+10
213.81
213.78
213.81
213.81
-1.4525e+09
-2064.8
213.81
-2.0996e+13
-5.7553e+12
213.81
213.81
-2.4787e+08
213.81
-1.2502e+09
213.78
213.81
-198.81
213.81
-19664
-6.3753e+05
213.81
-33199
213.76
213.81
-1.8419e+12
213.81
-1.5494e+05
-8.998e+08
-2.9119e+12
-2.6507e+07
213.81
213.81
-3.8743e+06
-1.4999e+06
213.81
213.81
213.11
213.81
213.81
213.81
213.81
-9.4629e+11
-110.25
213.81
-2.5615e+11
-8.8583e+12
213.81
213.81
-6.1909e+10
210.07
-5.359e+08
-1.8136e+06
182.77
213.81
-4.9993e+11
210.75
213.81
213.81
-1.7223e+05
213.75
213.79
-5.9494e+08
-215.7
213.81
213.75
213.8
-15873
213.81
213.81
-17878
-1.6816e+11
-1.211e+11
213.81
-3.1345e+08
-84.867
213.77
-3.9317e+11
213.81
213.81
-2.487e+06
-4290.6
213.81
-1.972e+06
-9.6644e+05
-1.9301e+05
-1.6914e+07
213.81
213.81
213.81
213.75
-1369.3
-5.3075e+09
213.81
-1.5106e+06
-2.2125e+12
213.81
213.81
-5.7942e+10
212.78
-5.6226e+13
-3.7914e+07
-3.9539e+09
213.73
213.81
-3.5642e+13
213.68
213.81
-3.7749e+10
85.839
213.81
186.79
-4.3601e+05
-2.0008e+07
213.81
212.87
207.13
213.81
213.81
169.47
213.81
-5.106e+07
-104.48
213.81
-1.2635e+13
213.81
213.81
-1.5615e+07
213.81
213.51
-209.68
213.81
-54460
-7.2279e+10
213.81
-2.4414e+05
-4.1985e+11
-7.3715e+07
-5.3297e+08
-2.0016e+09
213.81
-3.9879e+08
-1.1235e+14
-6.6521e+08
213.81
-7.7523e+10
-6.8155e+09
213.79
-310.46
213.81
183.45
202.12
213.81
-1.4854e+05
-4.8636e+13
-9.4182e+12
-3.3668e+07
-6.1873e+07
-3716.6
159.78
213.81
211.39
213.73
213.81
213.78
113.03
-7.571e+05
150.43
-1.007e+11
213.81
-4.1272e+13
-1.258e+13
213.81
186.25
-4.03e+06
213.81
213.81
-6.3246e+13
-1.6623e+08
213.81
213.81
-2.5578e+05
213.81
213.45
-2.5024e+05
-2.0272e+07
-1.626e+07
-807.87
-2.379e+11
-4.1801e+08
193.2
-1.124e+06
-8.8971e+12
213.81
-1.1265e+08
213.81
-1.2094e+13
211.03
-1.9113e+08
213.81
-531.89
118.89
-1.2882e+06
-1.7042e+12
-1.3102e+05
213.81
213.81
-1.6936e+11
-913.57
-1.4741e+12
-20383
-2.4783e+13
-44429
-1.8381e+10
213.81
213.81
-57441
213.81
211.32
213.81
-1.097e+05
213.81
-4.6969e+11
-45280
-5.0311e+07
-3.0864e+13
213.81
213.81
-8.3768e+06
-6.4093e+11
213.81
-1.329e+14
-3.5916e+13
-9.8498e+06
213.74
-1.9644e+06
213.81
213.8
-1.9334e+08
-2991.8
213.81
213.81
-293.11
213.42
-4.603e+05
-7.4054e+11
213.81
-85894
-4.5187e+09
-23199
-3.7095e+13
213.41
177.17
213.81
213.81
213.81
-28015
213.81
-2.2384e+10
-2.8934e+10
206.69
213.81
110.32
-3.8374e+10
-1.4679e+10
-9.9134e+11
-2.2426e+06
-57064
213.8
-1.3889e+07
-126.78
213.81
-1.5163e+08
213.44
-4.2428e+06
213.69
-5808.5
-2.1378e+10
213.81
-9.6562e+08
211.31
212.9
213.8
-9.908e+11
-3.7533e+06
-1.0162e+10
-2.1289e+08
-2.8432e+13
-4.5769e+13
-4.1656e+07
213.81
213.77
-2.9728e+06
213.81
213.4
213.81
-3.4736e+10
-9.8991e+12
-1.0346e+09
213.81
213.81
213.81
-23090
162.18
-4.1295e+13
-1.7768e+07
213.81
-7.2542e+09
-6.3243e+07
213.8
213.81
-359.63
-7.2079e+07
-2.2429e+09
213.81
-29511
-2268.2
-1.3177e+12
-3.8046e+08
-132.36
-1.3069e+09
-15570
213.81
-1.8635e+13
213.81
162.8
213.81
-1.6512e+10
213.81
213.81
-1.1398e+09
213.81
213.55
211.52
213.81
213.81
196.36
-4.0289e+10
213.66
213.81
-4.9043e+08
200.74
-8.6426e+09
-1.3567e+13
213.81
-4.068e+09
211.05
-258.71
-8.7205e+13
213.8
-4.537e+13
-9.8718e+09
-3.0152e+11
213.81
-21153
-1.258e+10
-1.4275e+13
213.81
-9.8413e+10
-2.03e+06
213.81
-3.8149e+05
-1.516e+07
213.7
-5124
208.26
-4.5867e+07
198.88
213.81
213.81
213.81
213.81
-167.63
-2.2013e+06
-7.2584e+12
-15525
-2.2532e+13
-4.341e+11
-1.0499e+05
-7.0611e+11
-4.8122e+09
212.25
-1.8575e+05
-2.5164e+07
213.81
-1.1377e+06
213.81
-68513
213.67
-790.96
213.81
-96275
213.81
-1.0332e+06
212.58
-1.9222e+12
213.81
211.14
213.81
213.81
213.81
-3.4933e+08
-3.8797e+13
-2.953e+08
211.4
-1.9096e+09
210.29
-3.8828e+06
-6.0424e+09
-59268
176.02
213.81
212.96
-1.6123e+14
213.81
-2.8775e+07
-3.1947e+13
207.01
-8.5223e+13
-3288.6
-21363
-7.2558e+13
213.81
213.81
-2980.7
213.81
213.81
213.81
135.47
-1.3569e+11
213.81
-2.7257e+07
213.81
213.81
213.81
212.56
-1.6976e+09
204.2
213.81
-7.7377e+06
-9.7771e+13
213.81
213.81
213.81
202.77
-52377
213.81
213.66
-1.2187e+10
213.81
-1.5982e+14
186.29
-166.19
-1.1656e+09
213.81
-8.5548e+10
213.81
-3119.3
-28.226
-1.4221e+13
213.81
-1.5004e+13
-9.4782e+08
-8.3664e+08
-7.1792e+09
213.81
213.81
-3.0701e+11
-63934
-4.6885e+13
213.81
213.8
144.61
213.81
-1.402e+10
-2.0325e+12
213.33
-2.4135e+05
213.81
-1.001e+05
-5.4249e+09
213.81
213.81
-7.061e+08
-5.2093e+06
-63934
-781.43
213.81
-2.6792e+06
-4.1376e+09
78.547
-6.674e+08
213.39
-1.965e+07
-7.0239e+12
-1.8093e+05
213.15
-2.2441e+09
-2.4603e+12
-5.8922e+09
-1.7518e+13
-2.7458e+11
-1.9238e+05
-3.9136e+07
181.65
213.81
213.81
213.81
-385.29
-3633.2
213.81
201.63
213.76
-1.0691e+09
-53.887
-585.51
213.81
213.12
-1.2762e+05
-7.2504e+12
211.92
208.95
213.81
-6.9894e+05
213.5
213.53
-6.9133e+05
-1.6905e+05
213.81
-2.2755e+10
-8119.1
213.59
213.81
213.81
213.81
213.81
213.8
-8.868e+12
213.8
213.81
-24544
213.81
213.16
-3.6824e+09
-4.8224e+06
-2.19e+13
213.81
180.72
62.168
-1.0568e+05
-1.0836e+11
213.81
213.81
-9.0888e+09
213.81
213.22
213.81
213.81
213.81
213.81
-9.5969e+13
213.81
213.81
-3.7337e+07
213.81
212.93
211.76
213.81
208.46
213.4
175.01
197.75
-2.4003e+05
-31977
213.81
-4.08e+13
-4.0428e+05
213.81
-3.6158e+08
-7.6067e+11
-3.9466e+05
-1.7954e+10
213.81
208.61
213.81
212.84
-1.3344e+12
213.57
-1.3083e+09
213.81
213.81
213.81
213.81
213.35
213.81
213.81
-8.4524e+10
-9455.4
170.52
-1723.1
-4.1475e+10
-1.1197e+06
21.935
-2.6026e+06
213.81
213.81
213.81
-5.6337e+09
-1.1998e+14
213.81
213.81
213.68
213.81
213.81
-2.4905e+13
-1.7063e+10
-2.1513e+05
213.81
213.8
-2.0481e+09
213.81
213.81
213.81
-3.8086e+05
-4.3496e+07
-7.4365e+10
201.35
-8.4569e+07
-2.7614e+12
213.81
203.6
-5.6534e+13
-12554
-1.701e+11
-2554.2
-2.3738e+08
-2.4773e+08
213.81
213.8
-2575.9
-4.2047e+13
-35490
200.41
-9.6424e+12
-1.7473e+11
209.92
-2.5137e+07
208.11
-4.0889e+10
-13236
213.54
-1.9236e+10
213.81
-1.2972e+13
213.77
213.81
-8.7146e+05
203.64
213.81
-6.946e+08
197.97
8.4987
-2.7634e+10
213.8
210.71
-1.0206e+07
181.71
158.89
213.81
-1728.2
213.81
213.81
-3.1028e+12
213.78
-9.5487e+05
204.13
213.81
213.81
213.79
213.81
213.81
-1.8954e+13
209.18
213.81
-6.557e+10
213.81
213.03
213.81
-8.2077e+08
213.81
213.81
213.81
-4.7528e+07
-2.6512e+08
-8.181e+11
213.71
-7.7972e+06
-32639
-3.2109e+08
-4.6322e+10
-3.1719e+07
-1.2603e+14
-1657.9
213.8
213.81
-7.571e+05
-1.5593e+14
-4.4631e+13
-159.92
213.66
213.26
213.81
213.81
-3.7202e+11
213.78
-5.3601e+12
195.36
-608.45
-99769
-7.963e+10
-2.0851e+05
-4.3664e+10
-4.4167e+07
213.72
213.81
-8.8153e+05
213.81
-4.9929e+10
213.81
211.64
213.81
-7.8634e+10
-1.0548e+13
213.81
213.52
213.81
-1.7843e+09
-22663
-2.2772e+06
123.95
213.81
213.81
-6.352e+07
-1.8252e+05
213.81
-216.62
-585.34
212.84
213.77
211.33
213.81
-4.2774e+11
112.87
-4.9344e+05
8.1876
-2.1741e+12
-1.3646e+12
-7413.8
117.98
-3.8485e+08
213.81
213.81
-9.2834e+11
-1.9135e+06
213.81
213.77
-1.6331e+05
213.81
213.81
-2.2738e+09
-1.6093e+10
213.81
213.81
-4.3629e+06
-2.7258e+10
213.81
-2682.2
-1.6025e+08
-1276.7
213.81
130.16
-3291.8
213.81
211.83
213.81
-4.5717e+07
213.46
213.81
-1.0186e+08
-5.7266e+06
-11368
-1.3503e+05
-4.8209e+07
212.63
213.81
-4.9916e+06
213.2
-12459
213.81
213.81
-2.7669e+08
-7.0124e+05
-2.4334e+05
213.81
213.49
-7.1661e+08
213.81
213.81
93.811
211.26
-1.8007e+06
-2.1355e+10
-5722.8
213.81
213.81
-1.2929e+13
-1401
211.94
213.81
213.81
-1.212e+10
-9.3154e+09
213.81
213.81
213.81
-3.2832e+10
-3.5586e+05
-724.42
206.63
213.81
213.81
163.79
-2.4188e+09
-4.7129e+06
81.403
213.81
-290.56
213.76
213.3
-9.5654e+13
212.13
213.81
213.72
207.55
213.81
213.64
213.81
-3.0947e+07
213.81
213.81
-8.8018e+10
152.8
213.81
213.81
213.81
-1479.2
192.76
-4.319e+13
213.81
-4.2046e+10
-23181
212.88
213.81
213.81
-1.4516e+05
213.29
213.81
213.81
213.49
-4217.8
-33.864
155.46
213.81
213.81
213.75
-1.5735e+07
31.591
212.72
204.24
213.81
192.05
-30714
-1.7685e+06
-2.0148e+09
-97550
114.56
-2.3899e+09
213.8
-9.365e+11
213.81
213.81
213.81
213.28
213.81
-20848
-1.1143e+08
-1.2355e+13
-9.0392e+09
183.08
213.81
213.81
211.57
-1.1085e+05
-1.3999e+08
195.86
213.77
-2.6292e+13
181.73
208.69
-235.69
213.81
213.81
213.76
213.81
-2.7899e+06
213.81
212.97
213.81
213.69
213.81
-6.2556e+10
-7.9154e+13
-1.3451e+08
10.113
213.78
211.06
-5.1974e+11
213.78
-3.829e+10
-6.0636e+13
-7.8058e+06
213.75
-3.7488e+08
-3.9871e+07
-1.9983e+09
213.55
-3.326e+09
-2.1277e+08
213.75
122.14
-7.6627e+05
211.07
213.81
-57.119
-1.551e+09
-2.1857e+05
201.55
-3.74e+13
-1.2835e+09
213.55
213.81
-1.3466e+06
213.81
213.68
-4.9565e+09
213.81
213.81
213.81
213.81
-42022
-5.8441e+09
-2.4379e+13
-4.3007e+08
201.79
213.81
213.81
-7.6388e+13
-11298
213.81
213.81
-3.8887e+05
213.81
213.33
-4.2338e+09
213.81
213.81
-1.0924e+13
-4.8782e+06
213.81
213.81
206.77
-2.1354e+07
-311.64
-5.3426e+12
-1.5267e+12
-11026
213.79
213.81
-1.258e+10
-1.5914e+09
-695.01
-1.8271e+10
210.36
-1.1018e+05
213.81
213.8
213.81
-4.8097e+12
213.81
205.57
213.81
186.08
-1.2471e+05
213.11
-1.2283e+14
-1.1793e+07
-9.109e+12
-7.0224e+08
213.81
212.83
-2.7906e+07
213.81
213.81
213.22
-3.584e+05
213.81
-2.4438e+06
176.76
203.7
-7.3008e+11
213.48
-1.5178e+13
-1.5471e+13
213.8
-1.043e+05
213.81
-5.2076e+07
213.81
-7.0906e+07
-559.31
213.81
-1313.2
213.81
213.24
-9.697e+10
213.81
213.81
213.77
-5.6057e+06
212.28
213.81
213.81
213.81
213.81
213.81
213.81
-3.6609e+07
-4.03e+06
213.81
-9.7483e+09
-2.214e+07
58.014
213.81
213.77
213.72
179.81
-3.8506e+08
213.81
-2.0254e+08
213.81
-2.7569e+12
-5.9341e+05
183.97
213.81
197.66
213.81
206.53
-3.1373e+07
-9.1533e+06
-10296
-7418.8
213.81
209.71
211.74
213.81
213.81
-1.0043e+11
213.81
-5.4616e+07
140.36
-6.2199e+06
213.8
213.81
213.81
204
-4.9947e+09
213.81
7.5935
213.81
-1.149e+11
213.79
-2.1527e+12
-1.1565e+11
-1.2034e+07
-5.438e+13
-3.1935e+11
213.81
213.77
213.7
213.81
-74189
213.81
-757.49
-2.1836e+12
213.81
-1.2107e+10
213.76
213.81
213.81
-1.8371e+10
200.14
213.81
-1157.6
-1.5401e+12
-258.46
-2.9711e+06
213.81
213
204.83
213.81
-2081.9
213.81
213.81
213.81
213.81
213.81
-98087
213.81
-2.4241e+05
-11258
213.81
213.8
213.81
213.81
213.81
-5.392e+05
213.81
-1348.6
213.81
-3.3376e+10
213.81
213.78
-9.2276e+11
-9.5107e+06
-3151.4
181.69
-7.2265e+09
-1.6327e+14
-1.4445e+05
-1027.3
213.79
-1.8857e+12
186.28
-3375.5
-4.1383e+07
-1.9511e+07
213.81
60.759
213.81
-11795
-9.0858e+13
213.81
-1.1127e+12
-2.9622e+10
-2.2741e+07
211.38
213.81
213.81
-1.5479e+10
-443.62
-3.191e+07
-3.3043e+12
213.8
-3081.6
-5.1043e+11
213.81
213.27
-1.1018e+09
-4.0384e+08
213.81
-1.1369e+10
-117.59
-38394
213.81
213.81
213.78
-2.3283e+07
140.95
213.58
213.81
-240.33
212.79
-3.7533e+06
-7.9979e+10
205.98
-1.3232e+05
213.81
-3.6191e+10
-5.5481e+12
213.81
212.14
148.46
213.81
-2.6683e+10
-4.1824e+05
213.81
213.79
213.81
-93.328
-1.8252e+13
-151.83
-538.77
-33743
-5.1576e+08
-739.43
-9.7985e+13
-77.518
213.81
-4.9887e+05
213.81
213.81
213.81
213.81
-7.2344e+09
-1.1305e+09
-17777
213.81
-4.6511e+05
213.81
213.81
212.18
-31128
-5.3129e+06
-2.9779e+09
213.81
-1.3307e+09
-4.6306e+11
213.81
211.94
-1.9802e+13
-1.1623e+14
213.79
-647.04
-1.0032e+05
213.81
-2466.5
-1.2786e+12
213.81
-1.5561e+09
-4.9801e+08
213.81
210.95
197.13
210.72
213.78
212.79
212.55
-1.315e+07
-57473
213.81
213.81
177.17
197.72
-5.9017e+05
213.81
99.265
-8.5809e+06
213.81
213.81
-5.6596e+13
212.09
-5.8039e+13
208.78
213.81
213.81
-2.0568e+11
-3.2641e+08
-1.141e+12
-1.4086e+09
-56069
-1.9158e+09
213.68
-1.6374e+09
213.81
213.81
213.81
-2.8426e+09
213.81
213.81
-4.4012e+06
213.72
185.66
213.81
-5.5234e+06
213.28
-3.4704e+08
213.81
213.21
213.81
213.79
-5.1689e+08
-1.1435e+09
-2.8089e+05
-5.0691e+12
-68363
-1.041e+10
213.81
213.81
-1.6322e+05
164.43
-1928.3
213.81
213.81
-4.4031e+08
195.96
-1.2378e+14
-5.1385e+06
213.81
-3.7946e+06
-6.0052e+11
213.81
213.81
-7691.3
-1.5238e+08
-9.4862e+05
-56193
-157.68
213.81
213.81
213.81
-3.0195e+10
211.07
213.62
213.81
-1.7288e+07
213.81
93.897
-6.3532e+08
-10323
211.62
-1.439e+12
213.81
213.81
213.81
-3.3755e+09
-1.1111e+13
213.79
-789.47
213.81
-9.0296e+12
213.81
-7.3678e+13
212.92
-6.3939e+07
213.51
-2.1258e+12
213.8
213.81
213.81
213.81
205.88
-7.2664e+05
-1.9718e+08
-7.0664e+05
-7.464e+05
-6.863e+11
-1.4338e+10
213.81
185.47
213.81
-4.2765e+10
213.81
-8.7842e+11
-3.9237e+09
211.78
-4.2115e+10
-7.7354e+10
-1.0364e+10
213.81
179.98
-1.2048e+10
213.8
-1.8974e+10
213.81
213.81
-4.7886e+09
-1.2107e+07
78.87
-1.6746e+12
213.81
6.7646
213.81
-9160.5
211.85
-10952
213.81
213.81
-2.6421e+10
213.81
213.77
-1.305e+10
213.81
213.81
-6.8194e+12
213.81
-4164.5
213.81
213.81
-1.2301e+13
213.81
-1.3244e+10
213.81
-14677
-2288.4
180.95
213.81
213.81
213.81
-7054.4
213.77
-2.0684e+12
213.81
213.81
213.81
180.93
213.81
-2.4229e+12
-9.5618e+11
-2.7584e+12
213.81
213.81
-3.8075e+12
213.81
207.73
213.81
213.81
-8.0374e+10
201.91
-2.2225e+07
213.81
-5.0423e+10
-2.3483e+05
-1.1542e+12
-2.2047e+08
211.62
-1.3485e+07
202.69
213.8
-6.0456e+05
-1292.2
-6.3094e+05
-5.4607e+09
-9.0921e+08
213.81
213.81
213.81
211.82
213.81
-9.1758e+13
-5.6223e+07
-3.3184e+06
-1282.5
213.81
213.81
-1.3661e+09
-3.0305e+09
-1.1546e+06
-3929.1
48.188
-9211.4
213.81
213.81
213.81
-91839
-18689
-7.078e+05
213.37
213.8
-1.2122e+06
-1.9226e+13
213.81
-8.5235e+08
-4.0266e+07
177.11
213.48
213.81
-4.6036e+09
213.8
-6.2011e+10
213.81
-9.9024e+08
-37899
213.81
213.81
-8.8469e+11
-4.8474e+07
201.51
-1.6596e+08
213.71
210.59
-1.4797e+05
86.612
213.81
213.8
213.81
213.81
-369.82
-376.73
213.81
213.81
213.81
213.81
209.97
213.81
213.81
213.81
213.81
-7256.4
210.86
213.81
212.3
126.07
-288.72
213.81
-2.4149e+12
-3.4061e+05
213.81
213.81
213.81
208.25
181.01
208.51
-4.6002e+08
213.81
213.81
-1.3029e+13
213.81
213.81
-47.831
213.81
213.81
-1.2249e+08
-6.1347e+11
-7803.7
-5.2796e+13
213.51
-2.2959e+11
213.02
-2.5368e+12
209
195.85
213.79
-16162
213.81
213.81
-5.8612e+10
-928.41
-24411
213.81
-9.1873e+11
-4058.4
-1.1406e+13
213.81
213.81
213.81
-4.0229e+05
-8.5534e+12
213.8
213.81
-6.0556e+05
-5.1322e+08
213.8
213.81
-2.6991e+10
-3.418e+06
-2.7594e+11
211.99
-9.4138e+05
-1.159e+06
-733.19
-1393
213.81
213.81
213.81
-1.4657e+08
213.81
94.949
-2.311e+11
-2.5581e+07
-1.2662e+07
213.79
213.76
-26026
-1.8255e+06
213.81
-10410
213.81
213.79
213.81
-9.0017e+13
-4.6467e+12
-5.2365e+13
213.81
-4401.4
213.81
-1.8496e+11
213.79
-62202
-2049.2
213.81
213.81
-2.0085e+10
173.27
-1.3278e+12
-1.3532e+11
-1.1381e+13
-1.0862e+05
-8.0669e+12
213.8
-2996.5
-7.0482e+10
213.78
213.81
212.32
-1581.7
-4.1611e+10
-2.2824e+05
213.81
-6.5702e+05
213.81
211.27
200.44
213.81
213.81
213.5
-1.9911e+13
-37141
-8.905e+08
-892.42
213.81
213.81
-23908
213.81
213.81
-6.0025e+06
-9.6154e+06
-7.6315e+08
-5.2249e+10
213.81
-1.5923e+09
210.31
-2.0835e+07
-8.3595e+05
-8.5221e+10
-6.8505e+10
213.81
-9.3701e+11
-660.33
-1.3353e+07
-1.3443e+08
-2995.5
-1.0191e+06
213.81
-7.9397e+09
213.81
213.81
213.78
158.53
-1.1391e+09
193.29
-1028.9
213.81
-1352.4
213.81
-6.7761e+13
213.81
213.81
-9.7061
-1.3003e+14
213.41
-2.9301e+13
213.63
213.81
213.81
-1.1738e+14
-2.441e+11
210.25
143.57
213.78
-6.1379e+08
-1.2608e+13
-34955
213.81
-1.4871e+12
-4158
213.81
-6.9156e+08
213.81
-6.8019e+10
-2.0433e+11
213.81
213.81
-1.5724e+09
-6.2509e+05
190.03
213.81
-3.9251e+08
-2384.1
-2.4463e+08
213.81
-2.8822e+07
212.22
206.32
-339.01
213.81
213.81
-2.0027e+12
-2409.1
-5.0449e+07
213.78
213.67
-7.6275e+11
-64145
-2.4566e+10
213.81
213.81
-79937
-14651
213.81
-7.2769e+11
-9.6633e+09
-3863.6
-25080
204.95
-2.7861e+07
-4628.8
213.81
213.71
213.81
213.81
213.81
213.81
-1.9529e+12
-1.3711e+11
213.81
-5.3747e+09
157.91
213.81
-1.2924e+08
213.81
213.81
-1.6296e+07
-4.2601e+07
-528.02
-4.7802e+05
213.81
-7.3618e+06
213.81
22.974
-2.2319e+09
213.81
-1.7934e+07
181.75
-1.1793e+10
-4.0222e+07
157.42
213.8
-7.2504e+12
213.81
-6173.8
213.81
213.81
213.81
213.81
213.81
-5.905e+05
-4.4016e+09
213.81
-3.1565e+13
213.81
-1.0586e+12
-308.37
-109.23
-3.5792e+12
213.81
213.81
-2.4775e+06
213.81
-1.6828e+12
202.19
213.81
-1.4065e+07
213.81
200.64
-2.0957e+09
213.81
-4.0852e+11
-6.7378e+12
-8.2151e+07
210.45
213.81
-1.1565e+06
-715.07
213.8
-2.631e+08
-707.02
-53.548
-3.7606e+13
-1.4215e+08
213.81
213.81
-3.1177e+06
-1.051e+14
-3.4863e+09
-648.07
-6.9194e+08
-14.972
-2.05e+05
175.33
213.81
213.81
-1.2981e+08
-1945.7
-152.74
212.13
213.79
213.81
-9.0672e+08
213.81
-1.2761e+13
122.35
-4.4412e+13
213.79
-2291.7
-3.2606e+11
75.197
-4.8794e+10
213.81
-4.8953e+07
-8.784e+08
213.81
-6.0724e+12
213.59
-3.1044e+09
213.81
-1.8182e+13
-7.1504e+08
210.35
213.81
213.81
-3.509e+06
-48373
213.81
213.81
213.75
-4.2961e+11
213.81
-8.379e+13
213.77
-1.2901e+10
-2.2946e+08
213.74
213.81
-1.4786e+08
-4.6409e+05
-2.3165e+12
213.81
-12205
-2334.9
213.79
213.81
-6.2717e+12
213.79
-2.3018e+10
213.81
213.81
-2.3094e+13
213.79
-2.4445e+07
30.012
-3440.1
-2.2763e+12
213.81
-6.4421e+12
213.81
212.78
213.81
-13322
-3754.2
213.81
-6.1034e+10
213.78
213.81
203.72
-40530
-7.0201e+05
213.81
-1.1194e+05
-6.0969e+13
111.77
38.047
-2.003e+07
-5.4424e+06
213.81
213.8
-3.2042e+06
-85471
-1.095e+11
-8.3164e+11
-3030.3
-2.3812e+10
-49636
181.25
-2.0897e+11
213.81
212.81
213.75
213.81
-1.652e+05
-1.2686e+14
-2.1947e+07
213.81
192.06
213.81
213.69
-1.4267e+10
-1.2478e+05
213.81
213.81
213.81
213.81
-11329
-378.73
213.81
-1.0894e+10
-6.8181e+11
-8.9703e+09
-1.5122e+06
213.81
213.81
-9.6735e+06
-5.6287e+13
213.81
213.81
213.81
-1.5707e+12
-1.0956e+11
213.79
152.42
213.81
213.78
-4.2068e+07
210.49
-7.1075e+08
213.48
-13.826
208.36
213.81
-4.9728e+09
213.81
-3.3039e+06
98.844
213.81
-9.4537e+06
213.81
210.82
213.81
-885.48
213.81
-5.7247e+07
-3.472e+05
213.29
-18824
212.59
213.81
-7.113e+05
213.33
-4.6679e+10
191.38
210.75
213.81
213.81
-1.6584e+05
-6.7415e+12
213.81
213.73
213.81
213.81
213.81
-9.9434e+05
-5.604e+10
213.81
213.81
-4.0776e+07
213.81
213.81
7.9216
-6.2715e+05
-1951.7
-1.5961e+13
213.69
-2.0568e+11
211.59
-1.316e+14
-5.6751e+13
-1.3607e+05
174.8
-1.2145e+12
213.81
36.962
213.81
-1.6967e+09
-1.0695e+11
213.81
213.71
213.79
-2.7861e+10
-6.7042e+06
213.81
-2198
213.74
211.5
213.81
-3.3157e+10
209.93
210.56
213.75
-38439
213.81
213.81
-2.1772e+11
-19204
-1.5897e+09
213.81
-9.7678e+08
-6021.8
213.81
-1.5482e+11
-2.6152e+08
-5.221e+09
213.72
213.81
-11944
-3.7878e+05
213.37
213.74
-6.5023e+12
-2.4625e+11
213.81
-2.2478e+12
211.55
201.86
-4.0896e+05
-1.0542e+13
-1.9228e+08
213.8
213.81
212.88
213
205.9
213.81
-165.24
213.81
213.81
-7172.3
-744.92
-3.977e+08
207.24
213.81
9.9092
213.81
213.81
213.81
-2963.3
213.67
213.25
-81577
-2.8068e+06
-3.5041e+07
213.81
-3.0367e+11
-9.4456e+10
213.81
213.81
104.72
-5476.9
213.81
-2.0557e+05
213.81
-7.532e+08
-3.2139e+10
-2.3031e+13
213.81
212.12
213.79
-2.0263e+13
148.05
213.81
209.61
-4.608e+05
-2.2377e+06
213.72
213.81
-5.7175e+09
-1.2063e+06
213.81
-1302
213.81
-3.7619e+12
209.31
213.81
213.81
-76336
213.81
213.77
-2.5558e+08
213.81
209.62
213.8
213.78
211.7
213.81
-1.1525e+10
104.87
-14230
213.81
-4.1331e+09
-3.9514e+06
-3.6805e+12
-3241.2
213.81
-1.3817e+11
-8.7283e+12
213.81
-1.4599e+13
213.81
213.81
-16069
213.22
213.8
-82477
213.81
-1.786e+06
-258.33
-7.2301e+06
-9.4611e+10
-3.0036e+08
213.81
-4.0377e+10
-2.3287e+08
-1.8618e+06
190.91
-18008
-8.8259e+10
-2.68e+10
-4.4702e+07
-2.5128e+08
-3.4342e+05
-800.9
213.81
213.81
-2.0119e+13
213.81
213.81
213.81
-7.4243e+10
-8.3634e+09
213.81
213.81
-7.1818e+08
204.57
213.68
-5.168e+10
213.81
-6.0269e+07
204.57
213.81
213.81
211.93
213.81
213.8
-7387.6
213.81
-7.0985e+10
213.79
213.19
-1.0584e+08
213.81
-2.7829e+05
212.78
-15.07
-7.0751e+07
213.81
213.81
213.81
213.81
213.81
-5.2019e+07
213.81
213.67
-3162.8
-1.0834e+07
-77306
-4.045e+08
-2057.9
-1.6049e+13
213.81
111.69
213.81
200.99
-1611.9
213.8
-3.1169e+05
-8.4008e+05
-19293
209.99
213.81
213.81
-1.2535e+14
-528.3
-937.44
213.81
-1.9235e+07
206.41
213.81
213.81
213.81
117.25
213.8
-1199.5
-4.4016e+09
209.53
209.17
-1.9979e+05
-3.1278e+11
213.81
213.81
213.81
-2.896e+09
213.81
-4.3427e+13
205.08
213.81
213.81
-1.9152e+13
-2.1035e+06
-3883.3
-1.088e+05
213.74
-6.6281e+12
-864.57
-4155.9
185.95
213.75
213.81
213.81
-8.9443e+11
-7.4624e+11
162.89
-9.3392e+08
-1.119e+10
-4.1505e+11
-5.5629e+06
-1.8118e+09
213.81
-1.2165e+12
179.92
-1.0372e+14
213.81
-3.0993e+09
-1.5457e+14
-107.92
213.81
13.403
-4.4785e+08
213.81
-3.7846e+12
213.81
213.78
213.81
213.81
212.18
213.81
-207.78
-1146
213.81
-208.55
213.81
-2.0669e+11
213.81
-1486.9
-3467.8
-40669
213.79
-2.6119e+10
-1.1626e+05
213.8
-1.2238e+12
213.81
-125.14
-26405
213.81
213.81
213.79
-3.2947e+11
213.81
213.81
-1.1042e+09
-8.3301e+11
-3.6034e+13
213.81
213.81
-6.3928e+05
213.81
213.81
213.09
-2.2716e+07
213.81
163.35
213.81
213.81
-2.3249e+08
-9.0798e+05
-2.7716e+06
-2.633e+12
-2.8618e+07
207.88
213.75
-1.6101e+10
-314.49
-3.1209e+11
-61388
-7.0741e+12
-6.5806e+06
213.81
-124
213.81
-1.6742e+08
213.73
165.43
-17857
-4.5181e+05
212.17
-2056
-5767.5
-1.4594e+14
-29339
208.61
213.81
213.81
-1.4968e+05
213.81
-1.2466e+08
-1.2742e+11
-2.2507e+13
213.81
213.74
213.81
67.017
-2.4832e+09
213.81
-1.6656e+05
213.81
-12191
213.81
213.62
213.81
-1.1371e+11
-3.4398e+05
213.8
213.81
-4.899e+08
-1.9707e+05
213.81
-8.8631e+12
209.46
-570.31
213.81
-6.52e+05
-1.8584e+10
171.31
-1.0991e+06
-7698.7
-3.9997e+12
-3.0472e+12
-5.5309e+10
-8.5363e+13
213.44
213.55
201.79
-1.8086e+06
-3.6956e+05
213.81
213.81
213.51
-46806
213.81
213.75
198.36
-6.1558e+05
212.72
-7.0519e+07
213.14
-58235
213.81
213.81
-69383
-1.044e+08
-1.7675e+06
-9.4595e+12
-415.12
-1.2805e+11
213.81
-19320
-2.853e+11
213.81
-6.121
-1.8315e+06
213.81
213.81
-2.3338e+08
213.81
213.81
-4.495e+13
213.8
-8.6712e+12
210.67
213.81
213.78
213.81
213.81
-1.8611e+09
-6.4632e+09
-3.0896e+07
-1343
-5.3143e+10
213.8
205.33
213.81
213.1
-21382
-2.8682e+13
-7.5495e+06
-8.5406e+07
-6.9399e+12
-8.8387e+09
213.4
213.81
213.66
212.64
213.81
213.81
-1.0059e+08
-3.0152e+11
213.54
213.81
-4.0194e+12
-9.315e+06
213.4
-2.9132e+06
-14870
213.42
-2862.5
-1.6225e+10
121.34
124.4
213.81
-1.4448e+13
-9.8718e+09
213.81
213.79
-7315.9
-1.9338e+12
213.81
-3.4492e+05
-1.3237e+10
-4.7529e+10
-6.3942e+13
213.8
212.94
-2.4878e+10
213.81
-4.2487e+13
-6.5726e+11
213.81
213.81
-2.6908e+11
213.81
-4037.9
213.81
213.4
-1.9623e+06
213.81
17.177
-1.3356e+11
-5.841e+12
-3305.3
213.77
-5.3054e+07
39.916
213.81
175.53
170.4
-2.0104e+09
-1.5328e+10
213.81
-2.2829e+10
213.81
213.81
213.8
213.81
-77306
213.81
210.4
213.81
174.57
-6.2199e+06
211.53
213.76
213.81
213.79
-6433.4
-609.49
213.81
213.78
213.81
-1.772e+13
213.81
211.87
213.81
-5.638e+13
-2.6726e+10
-1.1106e+11
213.81
213.8
-29029
-30441
213.63
187.48
206.58
213.81
213.81
-4.6514e+06
-2.4432e+10
213.81
-1.1327e+06
-3.1112e+09
-7.2306e+12
213.77
-281.86
213.61
212.51
-333.92
-600.3
99.541
213.51
-3328.5
213.81
-1.6878e+13
-4110.9
213.81
163.03
-2.5199e+06
-4.8246e+11
-5.2316e+11
195.33
213.81
-8.5595e+10
213.62
-2.5535e+12
207.08
213.81
-936.81
-2.805e+11
213.81
-1.5857e+13
-1.8798e+07
-3.7489e+11
-4.6205e+11
-39753
213.81
-1.1006e+05
213.81
213.81
213.81
213.81
-4.854e+05
-594.31
-1567.9
-3.8417e+13
-2.8934e+13
213.67
-7.915e+07
-5124
-71628
213.59
213.78
210.29
213.81
213.79
-2.4626e+06
-1.6645e+12
213.81
213.81
-8297
213.7
-2.0661e+09
212.37
170.11
212.2
38.066
-2.176e+08
130.89
213.81
213.81
-4.673e+10
213.81
-6.3917e+11
-3.6543e+09
-1.0434e+06
213.81
-2.0096e+07
159.66
213.5
-79981
213.81
213.81
-9.5916e+13
-7.3824e+09
-22199
213.8
-3.643e+10
112.44
213.81
213.81
213.81
-1.6627e+09
213.81
200.06
-23244
111.75
213.79
-5.3221e+12
-4.6987e+13
-3.0477e+07
213.81
213.7
-4.7782e+12
-1.8654e+07
-5.4122e+11
211.68
-29220
213.81
-3.9309e+10
-8.9867e+10
-2.8925e+06
-4.9206e+11
213.81
213.81
-3.0903e+11
213.81
-8.0478e+11
-1740.4
212.8
-1.1631e+09
213.81
-37490
-8083.1
213.81
-2814.8
213.8
213.81
-3.1368e+09
-2.0199e+11
-1400.6
212.58
-2.3612e+05
-9.3956e+08
213.77
213.81
213.7
213.81
213.81
-2761.7
-59824
-3.5302
213.81
-4413.8
-1.0159e+11
-9.8144e+10
151.75
213.81
213.81
-2947.2
213.81
-3971.2
213.81
213.81
213.81
213.71
-88379
213.56
-1.2416e+10
-1.9235e+07
-62202
-738.07
213.18
-1.2721e+08
-2625.8
-2.0188e+08
-3.7946e+06
-1.2882e+11
213.81
213.81
-1.7935e+13
213.81
213.81
-8287.2
-2.9747e+12
213.81
-2.7005e+07
-3.1708e+11
-8.1123e+07
213.81
-7.7396e+10
213.81
213.81
-3.8668e+07
213.81
213.81
209.91
-43.332
-6105
213.79
213.81
-6.276e+07
-2.0597e+07
-4.9049e+06
213.81
213.81
213.81
-1.5059e+12
213.81
213.81
213.81
213.81
-927.78
-3.9552e+05
213.81
-1.0636e+06
213.81
-1.1815e+08
213.75
-17550
117.53
213.81
213.81
-7.3666e+05
213.81
213.81
213.79
-2621.3
213.29
213.79
-6.5689e+08
-6.7446e+06
213.81
213.81
213.81
-1.8922e+10
213.81
213.79
-33970
212.22
-60717
-2.2693e+13
-2.1151e+06
213.81
204.38
-6.9334e+10
-1.4811e+06
213.81
-6.4716e+13
213.81
-1.1268e+05
213.81
213.81
-8.0157e+13
213.81
213.57
194.59
213.81
213.81
213.81
213.81
213.8
213.81
213.81
-9.7121e+05
211.65
213.81
-8.884e+10
213.78
213.77
113.48
209.55
213.81
213.81
204.33
184.93
213.81
198.63
-5.9745e+10
-4448.6
-8.3744e+13
213.81
213.81
129.9
-8.1781e+12
207.95
-7.6734e+08
-6.0062e+09
213.81
-1.8902e+10
211.19
213.8
213.81
213.81
-4.0495e+08
213.81
-20821
-6.1758e+06
-1.3878e+05
-4.9101e+05
213.81
213.81
-9.7692e+06
-7.7865e+13
-7.3746e+05
213.81
-9453.3
213.42
-4.8145e+06
-6.2472e+06
213.81
-1.1919e+08
-1.3756e+06
210.55
213.81
-2.0052e+10
210.24
213.81
213.81
-56720
213.81
213.64
-7141.6
-1.0902e+14
213.81
-2.5624e+13
-1.754e+06
213.81
213.81
213.81
213.73
195.92
213.81
213.81
213.81
213.8
213.71
213.03
-1.9083e+06
-4.4322e+11
213.81
-2.0988e+11
213.81
213.81
-7.4814e+10
-7.5377e+12
-1.3862e+06
-1.4268e+13
213.71
213.81
213.81
-3.9302e+09
-3.1346e+11
-1.3731e+07
-1.2425e+08
213.81
-2.842e+08
-2.3395e+12
-9.2968e+10
213.81
213.81
213.81
182.93
-6.2489e+13
213.81
-73864
213.81
213.78
-8.2651e+13
-1.7902e+12
178.63
213.81
210.01
-491.87
-28135
213.81
213.81
-25545
213.81
-1.1819e+13
-5.267e+09
213.81
213.81
-1663
213.81
213.8
-2.8052e+06
213.32
213.81
-9.6443e+13
-1887.8
-6.8021e+13
-2.4586e+06
213.81
213.81
-1.1078e+12
-65.92
213.81
-39016
213.81
-1.4384e+07
-3209.7
212.86
-3.5409e+13
213.8
116.85
-3.1414e+08
-3.4263e+07
-1.1364e+08
213.81
213.81
-7.909e+06
213.81
205.69
-2.5955e+06
-34307
-2.3647e+08
213.8
213.81
213.81
89.004
204.58
213.81
-58460
213.81
-0.45208
211.75
213.81
213.81
-1.1547e+14
213.81
-1.0765e+08
203.41
213.78
-8.8305e+07
-69919
213.81
213.8
213.81
-39.215
213.76
213.81
-702.65
-3.3928e+10
213.81
-3.491e+05
213.79
213.81
-2.7933e+12
213.74
-1.9723e+12
155.44
104.88
-7.4459e+08
213.81
213.81
213.8
-1.4004e+07
-9.7601e+05
-362.11
213.81
-2.6664e+12
211.07
-1.4771e+14
-1.037e+10
213.58
213.81
213.8
-1.0153e+08
213.81
-3.5538e+12
213.81
164.42
213.81
-1.5009e+09
-41134
-804.13
37.859
-2.4721e+06
-1.0607e+08
213.81
213.81
212
212.87
213.49
213.81
213.81
213.81
-5762.9
-3.7115e+13
213.78
204.35
-4.5827e+11
-1.8486e+11
-2.2716e+07
-29093
213.81
213.81
-6808.1
78.305
213.81
213.7
-510.25
213.81
212.33
213.81
-2.8283e+06
-184.44
213.81
211.9
213.81
213.81
213.79
213.81
-90489
-2.0019e+07
213.81
-1.2617e+11
-4.4313e+07
-4.0201e+10
-7.3355e+10
213.81
-1.3895e+09
209.96
-4.3015e+09
-9.2748e+09
213.81
213.81
-7.2426e+05
213.81
-13066
-4580
213.81
213.81
-1.3285e+12
213.81
213.27
213.81
80.599
213.81
-2.7242e+07
-1.6078e+11
-102.83
209.95
-7.3287e+08
-96117
-1.8573e+07
-1.2269e+08
-211.7
-47305
-2.0847e+10
213.58
-50323
206.92
213.81
-1.5233e+05
213.81
-1.641e+12
213.81
213.81
-5.3221e+12
-1.4712e+13
-3.7276e+07
-24686
-1.8075e+08
213.81
-9.0724e+11
-3.9272e+05
-21993
213.81
-28208
213.01
-2.7358e+09
-3.3157e+10
-3.7433e+09
-25177
213.81
213.29
213.79
213.81
213.81
213.79
199.26
-1.269e+07
-8.0244e+13
213.81
213.81
213.65
-18518
212.13
-5.8166e+13
213.68
213.81
-3437.3
-9.2476e+08
-6.0855e+05
-5.1894e+06
213.81
-1.2888e+05
-2.2507e+13
213.81
213.8
-1.6881e+11
213.32
213.81
-25983
-2.0185e+13
-1.7386e+08
213.81
213.81
193.83
-1.9944e+13
-1.0406e+14
213.8
213.81
213.81
213.81
-75.883
121.42
93.331
-7.6818e+08
-582.67
-11890
213.68
-2.3604e+10
213.81
213.64
-3.3633e+13
-2.6186e+09
-3.9051e+07
208.68
213.8
213.81
212.24
213.81
213.78
213.81
-4.6407e+11
-1.5026e+12
-16127
213.81
213.81
-6.8967e+08
213.81
213.8
213.8
-6.8054e+07
213.64
-2.4441e+09
213.74
-49.839
-4.5768e+10
213.58
213.81
213.81
213.8
213.81
-30512
213.81
-6.9437e+12
-3.1746e+06
-9.1097e+05
213.73
213.72
-3.9997e+12
-24085
213.81
-2.3368e+05
-5.8526e+08
213.81
213.81
213.12
-9.1222e+11
-8.4227e+06
-7030.6
-5.7203e+06
213.81
-3.3946e+07
213.25
211.49
213.81
213.81
-3.4845e+12
-3.0058e+09
213.8
-2.3373e+10
213.8
-3.5372e+05
-7.2743e+12
213.81
184.23
213.81
213.81
-59791
-8.8404e+10
-1.5325e+09
-5832
-7.6418e+05
213.81
213.81
-3.0036e+08
-9.6282e+10
-32.819
-1.9673e+13
-21513
213.81
213.81
212.67
-4.8143e+05
213.81
-1331.5
213.79
213.71
213.81
213.81
-2.8886e+10
-193.97
-23698
210.09
-1.547e+07
-1.4746e+08
213.81
161.47
-3.3341e+05
213.81
-8.008e+08
-1.0593e+07
213.81
-3.6004e+06
213.81
-1.2411e+06
-1.8988e+11
-2.3051e+09
-15882
-27508
-2.0207e+13
-6236.7
213.78
210.76
-5.084e+13
-2.5337e+06
-2.3156e+07
213.11
213.81
-1.0338e+08
-1.9144e+08
-22315
-2.5229e+09
-7.7424e+09
211.24
-3.7095e+13
-4133.9
-3717.5
213.81
213.1
-4.2691
-4.0798e+07
213.81
213.8
-3.4146e+12
213.68
213.81
213.81
213.81
213.81
-3.7795e+05
-2.6038e+08
213.81
-6.8291e+08
122.94
-3.1604e+11
-2387.8
-7.8836e+12
-2.6863e+11
213.81
143.36
-9.4337e+12
-2.3437e+10
-3.9612e+13
213.69
212.75
-451.11
-3.6079e+08
213.81
213.81
213.44
-24972
-1.5048e+08
213.81
213.81
-1.4846e+09
213.81
-1.1134e+07
-3.7467e+08
213.81
-9.3317e+05
-6.06e+07
-4.1619e+05
-4.5929e+05
210.82
213.73
213.81
-1.1825e+05
-1616.6
213.81
-1.9708e+11
-8.8418e+08
-1.8095e+08
-32010
213.81
-19012
212.85
-7.124e+06
-4.3314e+08
-919.81
-3.1807e+13
-3.9231e+11
-2442
-2.1992e+12
206.67
213.81
-1.8624e+10
86.599
213.81
-1.4671e+07
213.79
-1.9493e+05
213.81
213.81
150.78
-1.0806e+06
-1.8967e+08
-1.1709e+07
-2.9311e+09
-1.0271e+14
-1.329e+06
185.09
209.41
213.81
135.47
213.81
-2.6503e+09
213.81
213.81
-3344
207.41
213.81
-8.8692e+07
-1.0673e+09
-2.26e+05
213.81
-1.8438e+09
213.81
-1579.6
-3.1917e+08
-7.0378e+08
213.81
-7.5666e+12
213.78
213.81
-9.204e+09
213.81
-1.7229e+12
213.81
-5.6782e+13
-1101.5
-8125.5
213.81
-4135.3
-2.902e+06
213.81
-6.9317e+06
81.187
-2.165e+13
213.81
-4.4217e+10
213.81
-1.2896e+08
-3.8459e+13
198.06
-2.9436e+06
213.31
-2.6407e+13
213.81
-6.9033e+13
213.81
-2.4065e+11
213.81
212.5
213.49
-5.1076e+05
213.81
122.54
213.81
213.51
-2.3251e+06
-1.6017e+11
213.7
160.93
-3334.7
-5136.3
-7358.9
213.81
-1333.5
213.81
-9.6124e+10
213.81
-22803
213.81
213.81
-1.2758e+12
-234.53
213.79
213.81
210
-486.83
213.81
-3.1055e+08
-3.4968e+05
213.81
-2.1577e+07
-8.3939e+08
-6.4244e+09
-23427
-1273
-7.1834e+05
-7.3016e+06
213.77
-2.5446e+08
213.81
34.437
213.81
-2.602e+13
-5.5568e+06
-7.2821e+09
-4.2368e+07
-1.7491e+08
-11276
-4.2122e+08
-4.0526e+12
-5.889e+09
213.81
-4.2743e+13
-1.3959e+13
-5.2143e+08
-5.0451e+10
213.81
213.81
-3.5686e+08
213.81
209.04
-6.3165e+12
211.43
204.36
-7.6597e+13
-29750
-1.5122e+08
213.81
213.81
-1.8105e+08
201.3
213.81
213.72
201.36
213.8
-1.2582e+11
213.81
-1.105e+13
-7.7734e+07
-1.277e+11
213.81
212.27
213.81
-3.3584e+11
213.81
-2.1956e+12
213.8
-6.7598e+09
213.81
-3.3166e+06
-1.1153e+10
213.81
213.81
-5.7996e+12
213.81
213.81
-1.272e+05
213.75
-5.0112e+12
213.81
-5.4389e+11
-2.9417e+08
-2.73e+05
-7.261e+11
-86.192
-1.7742e+11
213.81
213.81
-9.6917e+10
-3.4351e+09
-31292
213.81
190.19
-8.0623e+09
-4.2717e+07
-3.0953e+08
-179.46
-11119
-3.7202e+08
-1663.2
213.81
213.81
-6.5439e+11
-1.3178e+07
207.54
213.81
-2.6048e+10
213.81
-1.1396e+08
213.81
-1.9759e+13
213.81
213.81
213.81
-2.3846e+09
-1.111e+07
-1.1795e+06
-1.1873e+11
213.81
-2.5624e+10
-3.2814e+10
207.71
-9.2631e+11
-2.1177e+12
-8.3184e+05
213.81
213.81
-5.7501e+13
-3.2931e+06
213.8
-7.8591e+10
213.81
-15403
-1.8547e+11
213.81
-1.322e+09
-7.3866e+12
-8.0815e+10
-1213.1
-1.721e+12
213.8
213.81
-2.0978e+06
213.81
-2.737e+06
-2.6709e+05
51.819
213.81
213.78
213.8
-944.71
213.81
213.81
213.81
213.81
213.79
-5.8887e+06
213.81
-1.8345e+11
213.79
-1.1584e+08
-28978
213.24
213.77
213.81
199.89
213.81
213.81
213.81
213.37
213.81
213.81
-7.8735e+11
-1112
137.07
-1.1315e+08
210.47
212.12
-1.0214e+06
158.49
213.81
-9.4748e+09
213.81
-1.7779e+05
213.81
213.81
-5.973e+06
213.81
-1.4856e+07
213.81
-1.0699e+10
213.81
-1.7526e+07
213.81
213.81
-5.8675e+07
213.81
213.24
211.63
-6.1964e+05
-1.8516e+08
213.81
213.81
-6287.4
-4.5279e+11
-9.5531e+12
213.81
213.81
-8306.3
147.07
213.51
-1.083e+08
-1.0164e+11
213.77
213.81
-1.3115e+13
213.81
-5.5084e+05
-3.3297e+12
213.81
-2.2076e+12
-1.1398e+09
-1.1808e+08
213.81
-1.1449e+07
-7.1884e+10
213.22
213.81
213.81
212.47
213.81
213.81
213.81
-1.1714e+12
212.2
-5.5238e+09
-1.8003e+10
-5.703e+10
213.81
213.81
213.81
-84122
-4.3936e+11
211.76
213.8
-5.2661e+11
-275.26
-2.0755e+07
-4.0664e+07
213.81
-4.1709e+08
213.81
213.81
213.23
-2.7649e+10
205.45
213.81
-8523
-2.3195e+10
213.74
178.43
213.81
213.81
-4.4744e+09
-1.3895e+12
213.81
-9.901e+13
213.77
213.81
131.59
213.81
213.81
-1.276e+10
-1.1196e+13
213.81
213.81
213.81
-1.9214e+07
-4462.2
-3.6631e+13
213.81
213.8
-1.5713e+11
-2.0078e+11
-1.972e+06
213.78
213.81
-2.826e+07
213.81
-1.7292e+06
212.07
211.47
195.25
-8.9196e+08
213.81
-7.0455e+08
-6.1066e+07
-1.9261e+06
-3.4346e+11
-4.5493e+10
213.81
213.81
-5292.8
213.81
-6.8488e+06
-74638
-2.3734e+13
-2.5694e+13
-4.1219e+12
-8.0139e+09
213.76
213.81
-5.4843e+05
-25.659
98.611
213.81
212.49
-1.8466e+11
-4.8467e+12
-6.5355e+10
-35784
213.63
213.81
-8.1363e+11
213.13
-2.7263e+11
213.81
213.81
213.81
-1.389e+10
-2.0289e+06
-1.2283e+06
-2.6048e+13
-1405.8
207.64
-2.9141e+13
-6.8901e+06
213.81
213.81
-342.5
-1.2837e+10
213.78
-4.0777e+10
213.81
-15011
-1.5194e+13
-2.6675e+06
-1.4544e+13
-5.4855e+07
-1.1227e+13
-6.8994e+10
-3.9023e+09
213.81
-2.7092e+05
213.81
-1.6739e+07
213.81
213.81
213.81
-25746
213.81
-1.3152e+08
213.81
213.81
-1.0949e+08
-1.2739e+10
213.81
-1.0293e+11
213.81
-3.6357e+11
-4.0904e+12
-1.0069e+06
-2986.3
213.19
213.81
-1.3124e+11
-6.8728e+07
-1.191e+10
-2.35e+07
213.81
213.81
-51748
-1.9827e+05
213.81
213.81
213.81
-4.4007e+08
-1.0226e+11
-1.3923e+14
-7.3327e+08
-1.0384e+05
-1.0416e+13
213.81
213.81
213.8
213.81
213.1
-60451
193.56
-1.0814e+05
84.049
213.81
-2.1932e+12
213.81
203.75
-2025
213.81
-2.2328e+06
-1.2348e+07
213.8
-1.9334e+08
-2.5624e+13
213.7
213.81
213.73
213.81
-1.0988e+12
-1.0832e+12
213.81
213.81
-3.158e+07
212.83
213.79
203.12
-4.5435e+09
213.75
-12193
213.81
-4.634e+12
213.53
213.81
-283.74
213.81
194.76
213.81
195.71
-4.978e+06
213.81
213.81
-2.1804e+10
213.81
213.71
150.22
213.81
-4.2586e+08
213.75
213.81
-34623
212.26
213.81
-1.8282e+13
-8.3374e+07
-3.8019e+10
213.46
211.61
-2.3977e+05
-2.0462e+07
139.75
213.81
-7.9295e+08
-5.6347e+10
213.81
-1.1026e+13
212.89
-5.2583e+09
-7968.6
-2.7302e+07
213.81
212.36
-8.671e+09
-2.229e+08
-5217.4
-1.7339e+11
-1.6858e+05
213.81
-2983.5
-3.7359e+13
213.81
213.81
-1.2853e+05
-8.9086e+13
213.81
213.81
213.7
-4.1747e+07
213.81
-6.3279e+10
-8.8517e+11
213.81
212.19
-4.2345e+07
-2.7556e+05
213.81
213.81
-5.3861e+05
213.81
-2.9375e+09
-2190.3
-1.3326e+08
211.1
-4.3296e+06
120.91
201.83
-1.3801e+08
213.8
-8.2335e+13
213.81
213.81
-5.5359e+09
-8.9075e+05
213.81
-44193
206.41
213.81
213.76
-177.16
213.81
124.93
213.81
213.33
-3114.2
213.81
-2.5144e+06
213.81
-4859.7
213.81
-1.3091e+12
-7.7043e+09
213.81
209.49
-525.63
213.81
213.81
213.81
-1.4111e+07
-40523
75.205
210.99
213.81
197.64
-2.9108e+10
213.81
213.81
213.31
-3.9539e+09
213.81
213.81
-6.0106e+10
-14220
12.569
-1.0858e+13
-2.2805e+13
-2.9888e+08
213.81
213.81
-1.7986e+08
211.32
213.43
213.81
-1.3402e+12
-3.5467e+13
-2.3334e+07
-7.5816e+08
-8.274e+10
-3.0683e+08
-5.5622e+08
-2.3742e+05
213.81
-5.1993e+13
213.79
213.81
213.81
213.81
-2.1653e+08
-7.6568e+11
213.81
-7.2875e+10
-3.2251e+11
213.81
213.81
213.81
-9.2545e+09
213.81
-4.2377e+11
211.29
-4.3356e+13
-10337
213.81
213.81
-5.5765e+10
-7.576e+07
213.73
213.8
213.81
-9.1771e+08
-7.871e+05
-1.8946e+08
213.81
-1.091e+12
-1.0695e+14
-1.5398e+06
196.82
213.81
-3305.5
213.81
-20632
213.78
-8134.6
213.81
-1.1597e+08
213.81
-1.2205e+12
213.65
-1.9514e+08
-4.8097e+12
-2.7151e+05
213.81
-2.1903e+08
-1.677e+08
211.48
-259.9
213.81
-4.8728e+06
-2.802e+11
-65858
213.81
211.49
213.81
213.81
-1.7095e+06
213.81
-8.3435e+08
213.14
213.78
-3289.9
-1.2409e+13
-3.4427e+09
-6.3557e+10
-7.3638e+13
-8.4033e+11
213.81
-1.1357e+13
213.71
199.73
213.8
213.81
-4778.4
-5.5682e+08
213.81
213.64
213.81
213.81
-7.2793e+07
-5.6378e+10
-3.5486e+13
-97.057
-4.4472e+06
-5.0847e+08
213.81
213.81
213.78
-7.5321e+11
-1.8844e+06
-3.2911e+11
-4.772e+08
-969.83
213.81
-3.4792e+07
213.81
-1.1238e+05
213.8
-3.2719e+12
-1.1565e+06
213.8
-8.8153e+05
-8.0756e+09
213.8
-1.2849e+09
-1.8574e+13
213.81
-2.3089e+09
-92.094
-1282.6
212.89
211.39
114.85
213.81
-7.2491e+11
-2.7976e+06
-3.4095e+07
213.81
209.08
-1.4722e+11
213.81
213.81
-3.3596e+10
213.81
213.81
-3.9697e+07
213.81
-5517.9
-31116
209.84
213.81
-1.2833e+11
213.81
-6.7474e+08
-7.6094e+10
-2147
-6252.6
213.81
-3.6323e+09
-1.5704e+06
155.67
180.22
213.81
-4.6315e+12
87.476
213.81
-21470
213.81
-7.3529e+11
213.3
213.81
-2.7089e+09
-1.1744e+06
-6.5509e+08
213.81
-1.3774e+09
213.36
213.81
-4.5617e+07
213.81
213.81
201.88
-9.9118e+13
185.77
213.11
213.81
213.61
213.81
213.81
-1.4551e+07
-164.99
-3.0472e+09
-1.9932e+10
-10763
-9.8521e+10
-7.3759e+13
213.8
-4.4778e+13
213.81
213.81
-2.1262e+10
-8.3588e+09
-9.9167e+07
213.81
213.81
-1.0054e+11
-1.5305e+06
213.81
213.81
-8.3162e+08
-3.7712e+05
-537.58
213.81
213.81
-1.8358e+12
213.81
213.81
213.81
98.687
-8201.1
213.81
213.81
207.3
-8.8929e+05
213.81
-16.511
-2.8623e+08
-2.317e+13
213.81
213.8
213.81
213.81
-1.7393e+05
-9.9489e+05
165.28
-1.7746e+12
213.81
213.81
213.81
-9.0049e+12
213.48
211.24
53.127
213.81
-7.9312e+12
-1.2507e+08
121.55
-5.0921e+07
-1.0068e+10
170.22
-3.2186e+09
-431.22
213.81
-1.3115e+13
-1.189e+07
213.81
-1.5059e+09
-2.3224e+11
213.8
-3.9256e+06
195.46
213.81
-2.5129e+11
213.81
213.81
213.81
-8.1052e+11
-55274
-2.1847e+09
-1.2136e+08
213.81
-7.5264e+07
213.81
209.62
-2.8158e+11
-2134.2
213.81
213.75
213.81
-1.0932e+14
-3.7492e+06
144.83
213.81
-22888
213.81
213.81
213.81
-2.3921e+11
-1.4644e+05
-1.5834e+11
-38217
-2.9931e+05
-4.5451e+08
-2.293e+13
-4.3498e+13
213.81
-7727.3
213.81
213.81
-3.8768e+12
-10474
-3.7652e+08
-6.1056e+09
213.81
211.72
-2.466e+07
-6.6353e+05
213.81
-1.1919e+08
-2.8494e+10
-1.9479e+10
213.81
213.81
213.81
213.81
213.81
-3.643e+10
213.8
-1.0493e+05
34.481
213.81
-4.5543e+10
137.62
-12672
213.81
-4.7564e+11
-44390
213.81
-6.4466e+07
-47480
213.81
213.81
213.17
213.8
-1.445e+08
-1.4735e+07
-2.3081e+10
-3.672e+06
-4.8198e+06
-3.2374e+08
-6.165e+11
-3.4428e+12
-2.2549e+06
213.76
-5.5775e+11
-6.2956e+09
192.73
-1.1654e+11
203.6
213.81
-18460
-6.1091e+12
213.81
-4.3363e+05
-6.7673e+05
213.8
-2.1174e+06
213.81
-1.5636e+14
213.81
207.04
-4.1938e+08
213.81
213.81
-12748
213.81
60.683
213.81
141.36
-319.75
213.81
213.58
-1.2899e+12
213.81
-1.4517e+12
213.81
-2.2372e+10
213.78
-6.8267e+09
138.08
-1.1763e+06
-1.9253e+09
-9889.2
-5.3626e+06
213.81
-1.3126e+12
-4533.8
-7.7598e+05
213.81
213.81
212.53
213.81
-1.5406e+08
-6.4784e+07
-8.9368e+05
-3.3431e+10
-1.1551e+10
102.62
213.81
213.81
-9.1457e+13
213.81
-1.8322e+13
-35115
213.72
49.056
213.81
213.71
-2.5709e+13
213.81
213.81
213.81
212.54
173.01
213.81
213.56
-1.473e+06
-90937
-1.5788e+13
174.65
213.66
-3.6926e+12
213.81
-1.41e+05
213.81
209.03
-3.6457e+11
187.84
-1.0468e+06
-1.9219e+06
-2.8561e+08
191.48
213.77
213.65
-1.0292e+06
-3.0566e+08
208.3
213.81
213.44
213.81
-3.4496e+11
-1.1723e+10
-3.2369e+10
213.81
-5.0543e+11
-1.9008e+05
-1.3915e+08
-2841.9
213.81
155.36
-2.2515e+12
-4.1966e+06
213.81
-2.8986e+08
113.55
213.81
-39827
-9.1898e+05
-8.6284e+09
213.81
213.81
213.81
-7.4445e+07
-1.439e+12
213.81
213.59
-1.0592e+12
-1482.9
213.81
-8435.5
-2.2577e+12
-6.0844e+08
212.88
-41560
213.81
-2.7423e+10
-8.7425e+09
213.81
213.24
213.81
-5.8183e+05
-1.6651e+06
-2.8321e+05
213.81
213.81
-2.4478e+06
213.81
213.81
213.81
213.8
-1.2364e+06
-1.9896e+09
-1.5156e+14
-7.4501e+11
213.81
-1.4451e+11
213.8
195.42
213.81
-4.2906e+10
-55.298
213.81
-2.6321e+13
213.81
-4.9211e+06
-2.2859e+11
213.81
-2.561e+10
-1.2993e+10
-1.8665e+10
213.07
-1.4762e+06
-721.04
-6.7685e+10
-7.2475e+07
-4.3854e+07
-3.3294e+06
-2.5771e+06
213.81
213.8
-4.9465e+07
212.82
205.54
208.63
211.09
-1.0026e+14
-9.4043e+10
-1.31e+10
114.62
200.22
-2.6144e+05
213.81
-7.1806e+10
-8.6444e+13
213.79
-1.2649e+07
213.81
-4642.6
213.78
213.8
211.98
115.06
213.81
213.81
-2.0221e+08
213.81
-8.1841e+13
-2.1678e+05
-1.5412e+13
213.81
-1.2594e+13
213.81
187.05
-547.22
-2.7228e+07
213.81
-9.2307e+07
213.81
213.75
213.81
-1.5389e+06
-4.0164e+08
-1.7091e+10
-1.7415e+08
213.8
213.81
-5.0277e+12
-1.944e+11
-5000.7
-1.6237e+08
213.81
209.37
211.82
213.81
119.55
213.35
-239.71
-1487.5
213.81
-9.451e+13
-9.7025e+13
-1.2498e+10
213.8
213.81
212.31
-4.7235e+09
-1.5045e+10
-1.6611e+07
-50.517
-1.4594e+14
-233.6
-4.9855e+08
-2.9172e+10
-1.0175e+08
-7.8921e+09
213.81
212.33
-12814
-1.2684e+13
213.81
213.81
213.81
-0.87801
-1.8201e+10
-15785
204.56
-2.0089e+08
-3.6951e+07
-3.6973e+13
213.81
-3.3248e+10
212.25
213.81
213.78
-1.5655e+09
213.81
-68626
213.81
-1.7758e+07
213.81
-1.1402e+11
-1.5158e+05
213.81
212.88
184.87
213.81
51.255
-1.7279e+07
-3.074e+09
-1.3461e+09
-7.2451e+11
-3.8438e+13
-9.4758e+05
-3.7521e+07
-18060
-3.5233e+07
-6.9094e+09
-9.5697e+05
213.81
213.81
-6.9359e+09
123.15
213.81
189.41
-100.35
213.81
213.81
213.81
-1.426e+10
-2.4504e+11
213.81
-1.4046e+05
-8.494e+07
213.81
-1.9282e+06
-12533
-29380
195.45
-5.7437e+10
213.8
-7.2849e+11
213.81
-7.7073e+11
210.26
-2.2543e+07
213.81
213.81
-5.2422e+13
-1620.5
-20430
-8.9281e+13
213.81
-115.7
-661.33
-1.5387e+13
213.8
213.81
-1.4727e+07
213.81
213.81
213.81
213.81
213.76
-3.5895e+07
-1.4814e+12
-1.4515e+14
-3.546e+12
213.8
213.81
-185.79
-7.5171e+12
-4448.1
-1.4695e+07
-1.5956e+14
213.81
213.81
-6.6619e+10
213.81
-4421.4
213.81
213.81
-918.82
213.81
-7.6401e+11
116.65
213.8
213.81
213.81
-6.5212e+10
213.81
213.81
213.81
-3.15e+08
-96.588
-3.3985e+13
213.81
213.81
-1.6344e+11
213.81
213.81
213.81
-9.7678e+08
213.81
213.81
-1.3093e+10
213.81
-1.0965e+07
213.81
-4.7036e+07
213.81
-4.0689e+13
-7.3528e+08
213.81
-9.6365e+06
-755.37
-3.1362e+08
-1.1678e+10
213.81
213.81
213.81
-7.4418e+08
-2.1748e+11
213.81
-8.6632e+10
213.81
-6.2465e+11
213.68
213.81
213.81
-2.6255e+06
-3.1604e+08
213.81
198.39
213.81
-4.9088e+07
213.81
-1.1895e+09
213.81
-4.9465e+07
-6774.7
213.81
-1.1007e+07
174.77
213.81
212.36
-5.7912e+13
-3.7331e+09
213.2
213.25
-1.6584e+07
213.79
-1.3637e+05
212.92
137.71
-9.0873e+11
213.81
-3.4315e+12
-4.5642e+07
212.53
-2.2811e+05
-2.8761e+13
-1.8372e+13
213.81
-1.8597e+08
-1008.7
-2.3315e+06
213.81
-1.3606e+08
-1.7495e+09
213.81
-3.4546e+07
-1278.7
-1330.6
-1.1533e+06
-2.3338e+08
-6.6767e+13
-2.7578e+08
213.81
-2.9742e+11
-3.5028e+08
106.15
-55335
-2.2306e+09
-7.8289e+07
-1.4602e+14
-1.4265e+09
213.8
-1.027e+06
-1.337e+11
-8.6646e+08
213.81
-7.4473e+09
-13410
213.81
213.73
-4.2461e+07
-9.1908e+13
213.81
-2.333e+09
213.81
213.81
213.58
-7.4884e+12
-3753.8
213.74
-8.513e+13
-2.5834e+07
213.81
213.81
-8.2184e+12
213.81
213.81
213.78
213.81
-2.198e+12
-8.8131e+11
186.71
-2.3883e+06
213.81
-1.3434e+13
-113.21
213.81
213.81
-1.1192e+14
213.81
213.81
-26286
-41752
213.81
-4.4638e+08
213.81
-2.5591e+12
213.81
213.81
-98680
213.78
213.8
-7.8921e+09
-1.2814e+12
213.81
-7.3328e+11
212.53
213.81
-395.3
-2.1476e+11
213.81
-16273
213.81
-1.106e+09
-6.0042e+13
213.8
213.81
213.81
-3240.2
-1.8601e+09
213.81
213.81
-1.4112e+13
213.81
213.74
-5.0852e+05
213.81
-5.7782e+07
-2246.1
213.77
-5.5257e+08
-1.8395e+08
184.21
-5.3944e+11
213.81
213.61
213.81
213.81
213.81
213.81
-1.322e+12
-1.4089e+13
-4.0164e+08
-2.5128e+08
-3.5876e+10
-7.3959e+10
-4.7049e+05
213.81
213.79
-4.8714e+10
213.79
196.52
-2.7586e+05
-6.7351e+07
213.25
192.58
213.81
-1.6868e+10
213.81
-14377
195.67
213.81
213.81
-3.2204e+12
213.81
213.81
213.81
213.81
213.81
-7.1075e+08
-3.7118e+05
-3.1731e+09
178.12
213.81
213.81
213.81
-3630.9
213.81
-1.4012e+13
213.81
213.81
-5.7145e+12
213.81
-8.957e+07
-1.3724e+13
213.8
-1.5778e+07
213.81
213.8
213.8
213.81
213.72
159.52
213.81
-1.9152e+13
213.81
-98.243
-126.65
-3.7328e+06
213.71
211.65
213.81
-412.41
213.81
213.81
213.81
-1.9462e+06
213.81
-6.9486e+10
213.81
85.651
213.78
213.81
213.81
-1.696e+07
193.45
212.22
213.81
199.93
213.81
-2.5261e+07
213.81
-39420
-5.0266e+08
213.81
213.81
-3.8305e+12
213.81
213.81
213.81
-1.3397e+10
-1.5056e+08
-3457.9
213.81
213.81
213.76
213.81
-2.8733e+08
-22291
213.81
-3.3503e+07
213.72
-8.3253e+08
-2.3428e+08
-2.2121e+06
-1.0569e+09
-2.3127e+12
213.81
213.81
213.81
213.81
213.81
-2.4983e+12
-4.2431e+09
213.81
-2.0078e+05
213.81
-1.0632e+09
-8.6175e+11
-3026.5
-2.2602e+12
213.81
213.81
-6.0215e+08
213.81
213.81
213.81
213.81
213.81
-9.7266e+06
-454.51
-2.1633e+09
-2.9268e+10
-38255
211.52
-1.8759e+05
-1.5745e+13
213.81
213.81
212.04
-13319
-5.3895e+12
44.275
213.77
-291.09
213.81
-9.9678e+11
-1.2455e+12
-4.4104e+08
213.81
171.08
-1.4192e+14
206.41
209.86
174.67
212.15
-1.2624e+11
-1.3117e+14
213.81
-9.3532e+13
-5.968e+10
213.81
213.58
-3.5661e+13
-8.1512e+12
93.759
212.83
-3.3302e+07
-4.5656e+06
213.81
213.81
213.65
213.1
-70.297
-5.5053e+06
213.81
213.81
-1.4814e+09
213.81
-2.9695e+06
121.54
-4.6463e+06
213.81
213.81
-6.7946e+13
-8.5221e+10
213.81
-1.6148e+08
-1.2791e+11
213.81
213.04
-1.1137e+11
-1.8731e+06
213.81
-1.5356e+14
213.81
-2.8215e+13
213.81
213.81
183.48
213.81
-1.1567e+09
-10390
213.81
-3.2599e+07
213.81
-2.9866e+07
-1.3525e+06
213.52
213.81
-3.6201e+06
-5.3362e+06
-8.4247e+10
213.79
-9.1723e+11
-327.75
-2.5432e+08
213.8
213.81
207.78
-6.8405e+11
213.81
-1.6976e+09
-8321.2
213.81
-9.0066e+13
213.37
-4.1039e+12
213.78
-4.001e+08
213.81
213.81
-1.2686e+14
213.81
213.81
213.8
171.32
-13407
-1.0087e+11
213.8
-3.48e+11
-9.5354e+08
-4.6486e+05
213.81
213.8
-977.83
-9705.2
-1.0288e+14
-5.392e+05
213.64
213.75
213.81
-2.122e+06
-1.4364e+11
213.8
-4.6781e+10
213.81
-3.862e+12
213.81
-420.44
-1.6666e+07
213.79
-1.9813e+13
213.81
213.5
213.81
212.68
-3.4965e+10
213.81
208.71
209.91
-2.1065e+13
213.78
-1.0105e+12
213.81
-5.8056e+05
150.55
-8.2259e+11
-1.6081e+12
-1.9465e+12
-48910
213.8
-30630
-5.5633e+12
-1.348e+08
213.81
213.81
213.81
-6178.4
196.14
182.86
213.81
-9.3011e+05
-9.7291e+13
-4971.1
-3.4296e+12
67.737
-486.6
213.81
201.69
213.81
-6117.1
5.3977
-1.3334e+05
-31.084
-5.7667e+08
-4.1691e+06
213.81
-2.9423e+09
213.81
213.81
213.81
-20317
213.81
213.57
213.81
213.81
-5.0479e+13
213.81
-2.1464e+08
167.98
213.81
-3.2698e+06
-186.67
-1.0449e+07
210.82
213.81
213.81
-1.1016e+14
-6.8268e+05
-4.9956e+10
-8.6411e+11
203.99
213.81
213.81
-3.4921e+12
213.44
-5.679e+08
-4.5147e+13
-1.2781e+10
-9.8378e+11
213.81
213.8
213.81
-8.902e+12
213.81
213.81
209.35
212.96
-68852
-20765
213.81
213.81
-58.604
213.81
133.77
-1.4496e+10
213.78
-1.153e+12
172.3
-1.9152e+13
213.81
-3.1616e+10
203.28
-3.7619e+12
129.68
-1.0988e+05
-405.12
212.42
213.03
202.45
-1.5842e+08
213.81
-4.972e+11
213.81
213.67
-2.2904e+10
213.81
213.81
-234.92
-8.9062e+06
-4.197e+12
203.49
-2.8698e+13
-18231
-1.5039e+08
-3.0847e+13
4.8947
213.81
-3939
213.81
213.8
211.4
213.81
213.81
213.81
-997.22
213.81
-1.0047e+06
213.81
213.81
213.81
-3.7645e+07
-204.04
-1.4086e+09
-3.7574e+06
-4.168e+10
146.17
213.81
213.81
-9847.9
213.81
-1.7409e+12
-1.544e+11
209.51
-4.4975e+13
-3.1772e+10
-5.7186e+10
213.81
-63793
-9765.6
213.81
213.81
-2.5275e+07
213.69
-1.2196e+08
-1.9611e+11
213.81
213.81
-6.5438e+08
-4712.5
-8.0196e+07
-132.88
213.81
213.81
211.32
-667.24
213.81
-1.8278e+09
-2.8661e+12
213.81
213.81
-3.064e+12
-2.3467e+08
-1.2875e+06
213.81
-1.6785e+10
213.78
-2928.7
-3.0305e+09
-1.5305e+08
-2.1122e+07
213.69
89.845
213.81
213.81
213.81
213.81
-8.9306e+06
35.852
213.81
-1.6196e+09
213.81
-1.1943e+10
-1.0656e+09
-2.5382e+09
-196.88
-9.2362e+13
213.81
-3662.8
213.81
-9.1555e+10
-3.9288e+13
-4.5156e+05
-5.3972e+08
-141.12
213.81
213.76
-1.4283e+13
213.81
213.81
-1.869e+06
213.81
-6.3581e+12
-3.4811e+07
-4.1505e+11
213.81
201.48
-1.2276e+06
213.8
-3.2831e+07
213.81
213.81
163.14
213.81
-35459
212.58
-4.7114e+07
213.81
-9.4924e+13
213.43
213.81
213.81
213.81
-1.3867e+07
213.81
213.81
-8.6381e+12
213
-2.334e+06
213.81
-7.503
-5.4276e+05
213.81
-9.3427e+10
-96.559
-1.2169e+06
-2.2262e+10
213.47
213.81
-1267.8
213.81
213.81
-3.8591e+08
-3962.7
-3.6454e+05
-4.2804e+09
-5.2546e+11
-7.1975e+08
213.81
213.81
213.81
213.8
213.78
-6.368e+06
-4.908e+09
188.6
-2.7317e+07
-4.3438e+06
-4.0655e+06
213.81
213.81
213.81
-2.2261e+07
-3.2281e+05
213.8
213.45
-3.6851e+10
99.653
-1.726e+07
178.63
213.81
-8.3073e+11
-5.889e+09
213.76
-1.2511e+07
213.65
-8.443e+07
213.81
-4.4178e+05
213.61
213.81
-1.9494e+06
213.81
-6.0226e+09
-0.76253
213.81
-4.472e+09
-1.5214e+06
-4.5568e+10
213.47
-1591.7
-6.5307e+09
21.985
-1.1344e+13
-7.8503e+07
186.02
-52.659
213.55
-17496
-3.9109e+12
-2541.5
-1.869e+06
-4.4152e+08
213.81
-5.5633e+12
-5.296e+12
213.81
-2.9921e+08
212.51
213.8
200.7
188.83
213.81
213.81
213.78
213.77
200.12
-4.0011e+11
-1.8149e+12
213.81
-1.0791e+05
-4.2773e+08
-2680.6
213.81
-299.81
-7.4638e+12
213.76
-9.6688e+12
-4.9601e+07
213.75
-2.034e+13
-2.4391e+07
-8.2196e+07
213.81
-7.751e+12
-1.2666e+14
213.81
213.81
-1501.5
213.39
213.81
-8.5516e+08
213.81
-2.561e+10
213.81
-2.261e+11
-1.653e+10
-8.3376e+10
-2169.9
-2.2512e+06
213.81
-6.7599e+05
213.81
-7.1453e+10
213.8
213.81
213.81
-1606.3
-2.0034e+08
-2.2487e+11
-1.9647e+09
-4.2898e+09
213.7
213.81
211.76
213.81
-9.6388e+10
213.81
212.01
-2.1437e+13
139.45
-2.3001e+09
-64004
-9.0491e+09
213.79
-3.4446e+12
213.81
213.81
-4.6339e+09
-6.1101e+10
-1.3928e+10
208.58
-206.61
213.81
213.81
172.43
213.81
213.81
-2.4661e+10
-11514
213.8
-8.2996e+09
-17570
213.81
213.81
213.81
208.51
147.49
-6501.4
-7.4755e+06
213.81
-1.4475e+14
213.81
213.81
213.76
-1.2398e+08
-92598
213.81
-2.9356e+06
-16813
-3.3304e+05
213.81
213.81
-5.2534e+07
-1.6521e+10
-388.67
-4.33e+12
213.81
213.8
-1308.4
-148.95
-6.5583e+11
-48900
-8.4054e+05
-2016.1
213.81
-2.6704e+06
213.81
213.81
-1850.8
-2539.4
213.81
213.81
-1.8689e+08
-3.2852e+05
-3785.4
-2112
150.97
-1121.1
-2.1273e+10
-9.6636e+12
213.81
212.56
213.6
213.81
52.9
213.81
-59203
-211
-1.8988e+11
-1.2839e+08
-3.213e+06
-3.3357e+07
-6.147e+10
213.81
-8.5081e+10
-9.6962e+05
158.07
213.81
213.81
-1.3069e+09
-1.8055e+08
-4250.1
-2.681e+12
213.46
213.81
-2.898e+05
-45.725
213.66
213.81
162.03
-1.9206e+05
212.67
213.81
-8.3696e+10
213.81
213.81
-64.6
213.81
213.81
208.62
-1.4493e+12
-83.905
-1.9504e+11
-6.372e+12
213.81
-4.1225e+07
71.007
-1.48e+07
-652.23
213.81
-1.4081e+13
-34.783
-1.2749e+14
-2959.7
-7.1765e+07
-1.5636e+11
-2.6792e+06
-3.3898e+11
-1.0609e+09
211.68
-1.1137e+11
-1.5513e+07
-2.2016e+12
-1102.7
-3.0707e+12
213.81
-1.63e+06
213.81
-2.6257e+09
213.81
-2.1227e+10
-1.8977e+08
213.81
213.79
213.81
-1.721e+09
-1.3198e+12
213.81
-10931
-38977
198.1
-1.0254e+05
213.81
-1916.6
173.11
-6.2853e+09
213.81
213.81
-3.7542e+07
208.18
-3.0361e+10
-4.5221e+13
-2.9379e+07
-288.42
-607.55
-1.7911e+09
213.81
213.81
-1.2924e+05
213.81
213.81
213.81
213.81
-1.2207e+05
-5490.6
213.81
211.69
-2.0355e+05
213.81
213.81
-2.4535e+09
-1.0588e+07
213.81
69.466
-6076.3
-5122.8
-1.8142e+13
-3.6999e+11
-499.71
213.81
213.81
-3.0256e+09
213.81
213.81
213.76
-8102.2
-1.6673e+12
-58363
213.77
210.28
213.72
213.81
209.86
-11508
213.81
-7595
168.75
-1261.8
-7.4079e+07
212.68
213.81
-6564.6
213.81
-5.8227e+07
213.81
213.8
-1.6163e+07
213.81
-1.134e+14
-5688.8
213.81
-4.0592e+12
-2.0961e+10
-1.1989e+10
212.73
-1.4911e+12
213.81
-309.86
213.81
-1.7454e+06
-2.792e+05
-1.3908e+06
-3.3756e+12
112.62
213.81
-5.411e+07
210.52
213.81
-10242
-2.5175e+12
-7.6554e+10
-2.1916e+11
-6.917e+09
-1.2348e+10
213.81
213.8
212.1
-1.6087e+08
-7.1661e+08
213.79
213.81
52.96
-4.5717e+07
-6.6111e+10
213.81
213.81
213.81
213.76
-1.6131e+06
212.97
-3.4559e+09
-2.5312e+09
213.81
213.81
213.81
-1.0098e+14
-2.1313e+06
-8.0284e+07
213.81
211.44
-2.8498e+08
-7.9776e+11
-6.3059e+05
-4.6137e+09
213.81
213.81
213.81
213.46
-1.329e+05
213.81
-2909.2
206.14
-1.647e+11
-1.0127e+09
213.36
-1.1671e+05
213.81
-597.81
-8.1511e+09
-1.2443e+07
170.12
213.81
213.79
213.77
137.88
213.71
213.81
-6245.5
213.81
186.2
-716.75
-2.5271e+12
-4.2942e+06
213.81
213.81
213.81
213.81
-1366.4
193.42
213.81
211.74
-4.2521e+06
213.81
213.81
204.47
213.81
-16918
-1.2305e+09
213.81
19.383
-1433.8
213.81
-1.4007e+08
213.81
211.46
-5.2892e+11
213.81
213.81
213.81
213.81
-1.6991e+08
-5.063e+05
-5.2909e+07
204.08
213.81
213.81
213.81
-1.5443e+12
-2.0005e+12
-9323.5
-1.4022e+08
-6.9204e+06
213.81
-8.3712e+11
136.66
213.81
202.57
-1.8429e+12
-2.155e+09
213.81
213.01
213.81
-8.061e+11
-6.6026e+05
-384.86
212.61
212.51
213.81
-7.6344e+10
-4.5312e+12
-2.3127e+12
-6.3855e+06
-9.955e+10
213.81
-3.4245e+10
213.81
213.81
114.82
213.81
-3.6769e+07
213.78
-222.07
-1.0644e+12
213.81
213.81
-1.086e+08
213.81
-4.4306e+09
-4.0114e+13
-3.3993e+06
213.81
-7.5248e+06
213.81
-1.0484e+10
213.81
-1.5018e+09
213.81
213.74
-3737.3
-3.4246e+13
-8.2755e+11
117.74
174.87
213.81
209.22
-5.8945e+11
213.81
-4.7538e+11
212.88
-1.3007e+13
212.97
-3.6926e+12
213.81
-4.603e+05
213.81
-4.5065e+12
-1.0463e+08
213.81
213.81
-1.4107e+14
-223.07
-5.3816e+10
-4.1061e+12
213.67
213.81
213.12
213.3
213.81
-2.4326e+10
-2.0836e+10
-1.2207e+10
-7.7368e+11
-1.9344e+05
-1.2332e+09
-3.8144e+10
212.98
213.76
213.81
213.81
-3.6255e+05
-5073.4
-7.3264e+05
-3.669e+10
-1.4677e+12
207.73
213.81
212.91
213.81
-6.5869e+08
-1.4187e+09
-3.8684e+12
207.91
210.84
-1.8546e+08
-4.5096e+07
213.81
-5.9929e+05
213.81
213.81
-8.8808e+11
213.74
77.31
-6.61e+12
213.81
213.81
213.81
-2.4048e+10
213.81
-47886
-1.4112e+13
213.81
-2.9436e+06
-2.1941e+06
-2.6129e+12
69.378
-6.7906e+07
-4.4574e+12
209.45
213.75
213.74
-4452.4
-1.0377e+06
-3864.5
-9.1972e+08
213.81
213.81
-80864
213.81
-3.9345e+09
213.81
-3.2683e+12
213.81
-4.4181e+06
-9.0261e+10
-1.4223e+11
213.81
213.76
206.46
-8.9916e+10
207.09
-5.2478e+10
213.81
162.92
-6.0901e+10
31.697
-38.022
-16342
213.79
-11794
-1.5423e+06
-1.6467e+10
-3.9502e+07
-2.429e+08
-1.2531e+07
213.81
-2.6317e+05
-1516.9
213.81
213.81
-26829
213.81
213.81
213.81
-2.7786e+13
-1.5564e+07
213.81
-7346.1
-5.3747e+09
-1.8733e+09
-5.5824e+07
134.17
213.81
-6.6112e+13
213.81
213.81
-1.1298e+09
-3.3151e+09
213.81
213.67
213.81
-92.365
-9.1908e+13
213.81
82.874
-3.0383e+11
-15154
213.81
213.81
213.81
213.16
206.58
-4.6748e+12
-3508.7
-528.35
-1.2507e+06
-3.7046e+09
213.81
209.7
192.57
-4.1031e+11
213.81
213.81
-7.1375e+10
-4.2984e+08
-6.691e+07
213.81
178.3
213.81
213.81
-1.5727e+10
-2.6143e+09
-9.7625e+08
213.76
-3.2456e+07
-8.6663e+09
-2.0511e+11
211.86
213.81
206.45
-1.6675e+07
-8.8034e+11
-1042.6
-2.0133e+08
-8.5219e+07
195.84
-1776.3
213.8
213.81
213.81
213.81
213.81
213.81
213.8
-42286
-6.4487e+06
15.149
213.81
-1.666e+08
-4.0927e+12
213.81
213.81
210.12
-2.4863e+07
-12676
-182.42
213.81
213.81
213.81
213.81
-6.2712e+06
-1.9476e+12
-3.6437e+11
213.81
211.59
-1540.5
213.81
-3.0041e+09
213.79
213.78
-25946
-2.9954e+11
30.691
143.49
213.81
213.81
-4.1564e+07
213.81
-1.1233e+13
213.81
213.81
213.81
-5.1539e+10
-1.2225e+09
-1.9839e+06
-1.3992e+14
-6.477e+06
212.44
213.81
213.79
213.67
213.81
-3.1773e+13
190.13
209.91
213.81
-1.2205e+09
213.81
-52810
213.81
213.81
213.81
-1.1222e+06
-4.4507e+07
213.81
213.81
-5.0465e+06
-1.3455e+07
-7.1558e+12
-31072
213.81
-12710
206.65
213.81
213.81
-5.4616e+07
197.84
-9.6845e+09
213.81
174.62
-3.2608e+06
213.81
-40140
-3.0339e+12
213.81
213.76
-9.4608e+07
-3937.7
212.8
213.81
-3.9866e+12
213.62
213.81
-1.459e+07
213.81
176.16
213.81
213.5
-1.4353e+07
-1.7151e+06
-8.3831e+07
213.81
213.81
213.81
188.3
213.78
211.76
212.12
-1.0671e+06
-225.98
213.7
213.81
-8.205e+12
213.81
-1403.4
211.12
213.81
213.81
-2.6878e+08
-2.7574e+13
213.8
-822.68
213.71
-1.2816e+10
-8.362e+11
213.81
-4.8813e+12
-1153.1
169.58
-200.92
213.81
213.81
-6.0083e+08
-3.0603e+06
207.42
210.06
-1.9557e+08
-6.8788e+06
213.81
212.44
211.37
213.81
-1.8423e+05
-6.7314e+07
-5.7234e+06
213.81
213.81
213.81
-3.34e+08
213.81
-5.6986e+05
213.81
213.81
-2.0122e+11
-1.9433e+12
213.22
213.81
213.81
-1.8953e+07
-1.4286e+14
-1.7085e+08
-3.8871e+06
-3.7501e+07
-2.2482e+07
213.81
-2.4707e+06
213.81
-1.8588e+06
-4.817e+05
213.81
213.81
209
-2.186e+12
213.81
-1.154e+11
-408.34
-4.7567e+05
-71471
213.81
213.81
203.17
213.81
213.81
-8.6886e+11
213.81
213.81
-3.5124e+08
213.81
211.82
213.81
197.16
200.25
-1.3574e+07
213.78
213.81
-1.0932e+14
-4.6285e+06
-1.3181e+08
-3.4015e+09
213.55
-8.4366e+06
-3.1905e+09
98.826
-1.6279e+13
190.91
-2.2376e+08
213.53
213.65
-6.6435e+07
213.69
213.81
-9.3307e+09
-3.8711e+10
-197.84
-1.4514e+08
-447.7
213.75
213.81
-186.78
-743.03
213.73
-70034
213.81
-4.1701e+07
-4.7726e+06
-2032.5
212.97
213.81
213.81
-2.7732e+06
213.81
212.95
-1.0508e+13
-3.9626e+12
213.81
168.15
-1.6497e+11
-3.5279e+11
213.1
213.81
-94496
-1.0899e+07
213.81
-7.4745e+08
-11409
212.96
-4.3864e+11
104.32
213.81
213.81
213.8
213.81
-7.9209e+08
-1.3875e+10
-1.7213e+10
-7.1611e+13
-2.8508e+05
213.81
-9.3225e+13
-1.5409e+09
213.81
213.81
-9.3461e+09
-4.8838e+09
213.8
213.79
210.18
-271.79
-1.8155e+11
-3.5137e+07
-1.0625e+11
-1.8375e+11
-2.2432e+07
207.57
-1.0848e+11
-1.8666e+13
213.81
213.81
-8.6428e+12
213.81
213.81
-4.8237e+10
-3.5106e+11
213.81
-56.053
-6.2612e+05
213.78
-9.8483e+08
-1.9975e+07
-1.5281e+14
-8.6303e+13
213.81
213.81
-9.3374e+07
29.41
-4.0673e+11
213.78
-8.2498e+09
213.81
213.81
213.81
213.81
152.02
-5.3104e+09
213.81
213.81
213.76
213.81
-4.8439e+09
213.81
213.77
-38932
-45198
213.81
-4.5096e+07
213.81
213.78
213.81
-5.4548e+12
207.19
-2.8577e+11
213.81
-3.9238e+12
213.54
213.81
-1.8281e+10
213.81
-3.1266e+12
204.74
-1.4169e+06
-4.3395e+12
-6.407e+12
213.81
-45109
213.81
212.64
213.81
-6.7231e+12
-6.7354e+13
-7235.2
-6.014e+13
213.68
213.81
213.81
-6.1191e+12
-1.716e+06
213.81
-8.8202e+05
-1.0962e+14
-3.9683e+05
213.73
-6.7376e+09
213.81
-1.9232e+09
213.81
213.8
-99278
213.81
213.81
213.78
-3806.2
-8.6663e+09
213.81
213.81
212.14
213.81
213.81
-5.4488e+12
-5.4141e+10
213.81
-3.9066e+09
213.81
-5.1962e+07
-1887.8
-2.3506e+11
-1929
211.04
-6753.4
-3.3146e+11
213.81
213.8
-6.8267e+09
-1.0742e+11
200.18
-1.7498e+13
-1.7501e+11
213.81
-801.57
162.79
-1.0884e+08
-1.0288e+05
213.81
-86414
197.43
-6.2575e+06
213.56
198.56
-1.0444e+10
213.78
-4.7564e+11
213.81
-6.7548e+08
12.763
213.81
213.81
213.81
-511.64
-5.3433e+07
-1.6368e+10
-3.779e+10
-2.238e+09
213.8
-2.8524e+07
213.81
-1.4621e+12
213.81
211.65
186.94
-8.1913e+09
213.81
116.79
-1.0418e+11
-8.5191e+11
-1.8392e+13
213.81
213.78
15.166
-4.3528e+08
213.81
213.76
213.81
213.81
213.81
213.8
213.81
144.11
213.81
213.81
-6.2566e+08
-1.2386e+09
213.81
-32302
213.81
213.81
-4.8166e+08
213.81
-4.8945e+09
213.81
213.81
213.81
-1.6479e+06
213.79
-1.4163e+09
-7.0403e+07
-1.4169e+11
213.8
10.576
-9.8861e+08
213.81
-4.8742e+13
-1545.9
-5.4113e+13
213.8
213.81
-11812
-9.507e+05
213.81
213.81
213.81
-6.797e+05
208.76
213.46
-3.4837e+08
-9.9605e+10
-1.4014e+08
213.78
208.66
213.81
-6.2681e+09
-15111
-2.0474e+13
213.74
-3.9066e+09
213.81
213.81
213.81
-6.3402e+06
213.59
-3.206e+06
213.81
-2512.6
-1115.9
-1.6946e+06
-7.0791e+10
-1.3038e+08
-1.1764e+14
-9.4611e+10
213.81
-6.9522e+07
-1.1367e+09
-4.7886e+09
213.81
-20608
-14000
213.81
-1.4498e+08
213.81
213.13
-9.988e+13
213.73
213.81
-94808
213.81
213.81
-1.7955e+05
213.81
-5.7794e+08
213.81
213.81
-4.1772e+13
213.8
209.46
-13733
-52233
-3.7318e+10
-12732
-8.7325e+06
-288.66
-2.0467e+11
-1.0555e+11
-2.8554e+05
-9.2187e+06
-2.3969e+10
-8532.1
213.75
213.81
-1.5753e+10
213.81
213.81
-5.3993e+10
-1.0551e+05
213.7
-398.14
-1.3582e+10
213.77
-3.7688e+13
213.81
-1.2136e+08
-1.8811e+05
-1.71e+05
-4.8909e+08
-8936
-9.3215e+05
-7822.2
213.78
-2.3818e+06
-9.2259e+10
-5072.8
-1.32e+07
204.7
213.81
-9.7746e+06
213.44
213.81
213.81
-4031.9
213.81
213.81
-349.15
176.84
-4.464e+05
213.81
213.81
212.96
213.81
-1.4546e+11
213.8
208.79
-2.4299e+10
213.81
125.97
201.92
213.12
102.36
213.81
213.81
-1.7652e+10
-1.3317e+10
213.81
213.81
122
-3.1186e+05
213.73
213.81
-1.7415e+08
-4.6952e+09
-4.5237e+09
-1176.3
213.81
213.81
213.81
213.81
-4.6712e+08
-1.9859e+08
-926.03
213.81
-1.3507e+07
-5.8302e+08
-19050
-1.9497e+09
213.81
-8.8355e+10
-4.1519e+07
213.81
154.72
213.81
213.81
-1.913e+07
212.93
-5.2498e+12
-6721.4
-1.5496e+10
-2.9693e+11
213.81
213.81
-173.86
213.81
213.81
-55092
-647.51
213.81
-6.8306e+12
204.6
-1071.9
-3.6171e+07
213.81
213.55
-3.918e+10
-5.7644e+05
213.81
-20301
213.79
210.53
-2.5254e+06
213.81
-94289
-240.91
213.81
-2.768e+13
-2.0745e+13
-2.0981e+12
-1694.1
-46325
-821.77
180.39
213.74
169.62
213.65
16.965
-1120.7
213.71
211.99
-4.9411e+07
213.81
213.73
212.85
213.66
213.81
-84399
213.81
213.73
213.81
124.68
213.81
-2.3829e+11
-361.61
-7.3156e+13
213.7
213.81
-1.5334e+05
-3.7195e+10
213.81
-1.0365e+13
119.81
213.81
213.81
213.81
213.77
142.31
-800.96
213.81
-7.1843e+07
187.22
213.81
213.81
213.81
209.18
-1.5454e+10
-1.5009e+09
213.81
213.01
-1.5508e+11
-3.3291e+11
213.48
213.81
213.81
-2.6636e+05
-96698
213.67
-4.3363e+05
213.81
213.81
213.81
213.81
-14409
213.09
-5.8484e+10
212.64
-91990
-5.9377e+12
-5.0368e+10
213.81
-1.48e+13
210.65
-2.2341e+05
213.7
-95068
-1.3121e+07
213.81
-4506.1
213.81
213.8
-8.0585e+05
-92091
-7.9272e+05
208.8
196.21
213.81
-5.75e+10
195.52
-8.9294e+08
-449.12
-6.0633e+07
213.81
213.81
-3.2958e+10
213.81
-3.7156e+13
-2.3639e+09
-3.1181e+12
213.72
213.81
-5.5188e+10
-2.9235e+05
-4.8091e+05
213.81
213.81
-8.5026e+05
-2.4358e+06
-7.6803e+07
213.81
213.81
207.91
-1.6593e+05
213.81
213.81
213.81
213.81
213.81
213.81
-4.7985e+05
-1.5559e+11
213.81
213.81
-4.3605e+06
213.53
-5.1694e+05
-1.172e+09
-29.829
212.6
-1.1847e+08
213.81
162.56
-1.2227e+13
213.81
-1.1074e+10
-1.2713e+05
213.81
-2.2092e+10
-4.5302e+08
-4.2377e+11
204.45
-1518.9
-3626
-1.5367e+12
-20423
213.81
-16274
213.8
-1.2236e+06
213.81
-5.0718e+09
213.81
213.79
-1.5564e+07
188.73
206.65
211.82
-6.1525e+05
213.8
-2.3174e+11
213.81
-1.1665e+13
213.81
213.81
-1.3331e+10
-2.7257e+07
213.81
-1.1828e+11
-4.7149e+08
213.76
213.76
-8204.3
-1.353e+13
-2.7453e+13
213.81
213.81
213.81
-965.31
-3.1484e+11
213.81
106.16
-2.0992e+12
-9.1387e+09
-30758
213.8
213.54
213.81
-2.425e+11
-5558.5
213.81
-3.3768e+11
14.484
209.66
213.81
213.81
-6.431e+06
-2.3075e+05
213.81
-83113
213.81
213.8
213.81
-2.5887e+12
210.68
-3.4417e+05
-1.7476e+09
209.61
-2.2627e+12
213.81
213.81
213.81
213.81
-6.76e+12
-8.7329e+09
213.81
213.81
213.81
-27795
213.66
213.74
-1.559e+10
-10714
-43.173
-3.2268e+08
213.81
-1.0576e+10
213.75
-16589
213.81
213.81
213.8
-2.7114e+08
213.81
213.81
213.81
-8.4541e+11
212.75
-2.3165e+09
156.95
213.81
-5.4568e+11
213.81
213.81
-363.37
155.26
213.81
-34757
-9.5741e+12
213.7
213.76
-9.4471e+08
-4.0488e+10
213.81
29.546
213.81
-4105.9
213.8
213.81
-1330
-1.7225e+08
-543.28
210.58
213.81
-2.5943e+09
213.81
-1.4591e+10
213.81
-2.3965e+12
213.81
-3899
213.75
213.81
213.81
-5705
-378.31
212.27
213.78
207.32
-4.6885e+13
-1.9444e+09
-6.7883e+11
-4.0091e+10
213.78
-2.4959e+07
213.81
213.81
154.87
213.41
-6.5425e+07
213.81
-9.4337e+12
-129.74
213.7
-3.8871e+06
213.81
-9467.6
-1.5286e+10
-2167.5
213.81
213.81
170.03
-80997
-1995.5
213.81
-1.4364e+11
213.81
-7.8119e+10
-6.4222e+13
-27302
-6.0558e+12
213.51
-8.0815e+10
-7.3223e+05
213.81
-5.9405e+06
-5.2652e+13
213.81
213.81
213.8
212.82
-5.4747e+11
-1.1652e+05
213.74
-3.0239e+09
213.81
213.81
-2.0492e+09
-4.6467e+12
213.81
-1.3587e+09
-2.5151e+10
-7.5872e+09
213.81
-8.2241e+07
-7.2435e+07
-1.7684e+11
-1.6657e+07
213.81
213.8
-2.8029e+07
-9.7288e+10
-46094
213.81
-1.2877e+12
-1.8677e+05
213.81
-2.2136e+09
213.81
-1.9301e+05
213.81
213.81
-2.0068e+06
213.8
213.81
-38655
213.81
213.73
86.058
-6.3776e+08
213.81
213.81
-10241
-5.6923e+05
-1.178e+07
-1.5339e+08
-1.7163e+12
161.03
-2.4083e+12
213.81
211.24
-1.0037e+08
213.81
-3.2289e+06
163.74
-1.6761e+11
-5.7301e+09
-1778.7
213.81
-1.599e+08
-3.0319e+06
213.8
-3.9988e+08
213.81
202.85
213.81
-9.5668e+08
-2.3969e+10
-7.404e+10
208.91
213.64
213.81
194.53
184.58
-3.8775e+10
-3.7712e+05
213.32
213.81
212.47
213.81
213.81
213.81
213.81
-4.0941e+11
213.8
213.69
213.81
-4.9511e+09
-3.4724e+11
213.81
-1.7833e+09
-8.7157e+13
-1.2861e+11
213.81
-3321.9
-6.1447e+08
213.81
213.81
213.81
213.81
-9.8195e+07
-1.0009e+08
213.8
213.81
-1.7415e+08
-9.3668e+12
195.13
199.8
-518.46
213.81
213.81
-8.8789e+07
-1.6767e+10
-50985
-1.0946e+05
213.81
11.003
213.81
-7.0921e+11
195.38
213.81
213.81
203.62
-6.6729e+10
-1.8546e+08
-2.535e+11
-5.9439e+05
-3311.2
213.69
213.72
-3301.8
-97390
-571.77
213.81
213.81
196.06
-3.9843e+09
-1043.3
-1.0438e+10
-3.7946e+06
-2.3506e+11
-308.57
213.8
213.81
-1.4944e+12
-1.1856e+09
213.78
213.81
-2.2985e+06
213.81
210.13
213.81
213.81
-8.6867e+07
213.81
213.78
213.81
158.72
-3.1788e+07
-4.0766e+06
213.7
-1.9224e+07
213.77
-3.8038e+07
-7.4134e+08
213.81
206.73
213.81
-6.8505e+10
213.8
-4.961e+08
-2.3851e+10
213.81
-508.27
207.11
213.81
213.81
-4.6279e+08
211.94
-1.2835e+09
-2.3912e+09
213.65
-1.5258e+12
-8.9619e+07
-3.794e+05
-2.9226e+11
-3.5379e+06
-1.0677e+06
213.81
-2.9215e+12
213.81
213.81
-1.3116e+06
-2.4268e+12
-3.3203e+06
213.81
-3.0846e+07
-8.2094e+12
213.77
-300.32
88.201
213.81
153.67
-4.0362e+05
-3.8067e+11
213.81
-64746
208.65
-4.7383e+11
213.81
-540.51
-189.48
213.8
-3.7727e+07
-73661
-407.22
213.81
-2.4878e+13
213.17
213.81
213.81
-426.02
-1.8669e+06
-27822
-1.0724e+08
-1.7651e+07
213.81
-4.8123e+12
213.81
-2.582e+07
-4.9993e+11
-2330.2
-1.907e+05
213.81
-15259
213.8
-81353
213.72
213.81
-3.1005e+11
213.81
-5.6357e+08
210.16
-5.1062e+10
-4.7852e+11
-145.61
-1.3465e+08
211.1
213.81
-9572.5
-5.8665e+09
213.81
213.81
-2.4334e+05
-1.1323e+12
213.63
-3.0079e+07
213.81
213.81
-1.5493e+09
-533.68
-18338
119.52
213.81
-1.87e+11
-1.8693e+12
-5.3356e+08
213.8
-1.0634e+07
-1.0161e+12
-581.67
213.81
213.81
-2.09e+09
-55548
-52956
-1.1822e+14
213.4
213.81
-8.3511e+07
213.81
213.8
206.84
-1.1787e+13
213.81
-3.4565e+10
-2.1184e+11
213.8
213.81
-5.6615e+09
213.81
-41393
-2.1116e+05
213.81
-8.3237e+07
213.3
-2.5433e+11
213.81
-1.1408e+11
191.48
213.81
-38670
213.81
213.81
213.81
-3.3437e+11
213.81
213.81
-1.1641e+08
-7654.2
-5.8997e+07
213.79
-3.0097e+13
213.81
213.81
-7.3297e+06
97.037
213.81
213.81
213.8
7.5732
-8.686e+05
209.85
-8.976e+05
213.68
213.81
-9.0261e+10
213.81
213.81
206.22
-558.97
213.78
213.53
-2.2084e+08
213.81
-833.8
213.81
-9.9807e+12
-1.8665e+07
-2.1673e+13
-7.0673e+07
-24256
213.79
-9.0906e+10
213.81
213.81
-1.8029e+09
-1.2258e+09
-5.6431e+12
197.25
213.56
-1.0244e+12
-3.0915e+13
-8.474e+09
-6.1447e+08
213.81
-3993
213.81
213.81
213.81
213.41
213.81
213.81
211.19
213.81
-4.6909e+10
213.76
213.81
-1.6969e+07
-89649
213.81
213.81
213.7
213.81
213.81
-1.3966e+13
-9.5896e+09
213.81
-1.0019e+13
213.81
213.81
-3.964e+08
-3.8753e+07
213.81
-2.863e+12
-1215.3
-5.1557e+09
213.81
196.02
-1.0114e+06
163.5
-2.0403e+12
213.81
213.78
213.81
213.81
213.81
213.81
-2.0258e+09
-4.477e+12
213.81
-2.1084e+09
-1.1412e+07
-7.298e+09
-1.6998e+05
213.76
213.81
-6.8428e+07
-2.2786e+05
-5.2155e+12
213.81
-1434.6
-268.09
213.81
-6927.8
213.81
213.36
-4.2069e+10
-4.237e+13
209.6
213.81
213.81
-2.1281e+09
213.81
213.81
213.81
213.81
213.81
-6920
213.81
213.73
-1.1437e+10
213.81
213.46
98.693
-8.2153e+10
-3.0493e+07
213.81
213.79
149
213.81
-8.024e+07
-1.622e+14
-1.193e+13
213.81
-8.2182e+09
-1427.4
-11247
-112.55
-1.3186e+10
213.81
208.5
-7.2237e+07
213.66
-6.0129e+12
-1.1989e+13
213.14
-6.2046e+13
-2.1641e+08
-809.88
-5.3638e+07
-279.72
213.79
-2.0989e+05
-2.9644e+08
-7665.8
213.81
213.81
-12788
-1.4496e+13
-1.6131e+14
213.81
213.81
-4.7154e+06
-14847
213.81
-3.3285e+10
213.81
213.81
-3.8908e+05
-1.3138e+11
-8.1437e+10
183.91
-6713.1
-5.3474e+11
213.81
-2.6596e+13
28.43
213.81
213.81
-1.8916e+06
-13200
213.81
-12535
205.81
213.81
-7.3447e+08
213.81
213.81
-1.2041e+07
213.81
-2.2469e+07
-7.2515e+07
-2.0783e+06
-1.0902e+11
206.38
-3.5739e+10
-1.4477e+09
211.76
213.81
213.81
213.81
-4126.1
213.68
-8811.2
-3.3836e+13
211.83
212.56
213.81
213.81
70.098
213.81
-4.5642e+07
213.8
-1.0177e+12
-295.17
213.81
213.66
-1.8933e+10
-7.0316e+12
-7.1867e+06
-1.0515e+14
-9.1472e+11
-1.7226e+11
-2.5651e+07
213.81
-2.8965e+10
-2.8384e+07
-2.1041e+07
213.81
-9.8755e+11
213.81
213.81
213.81
211.67
213.81
-2.2661e+06
213.81
213.81
213.81
-258.07
-6.2032e+05
213.81
213.81
213.79
213.81
-2.7412e+08
-9.3494e+08
213.81
22.026
213.81
-6.9774e+06
213.81
-144.83
205.65
-2.2659e+11
213.81
213.69
213.81
213.8
-752.29
213.81
213.81
-5.6254e+07
-1.9842e+12
-2.4805e+12
201.28
211.28
-524.25
213.81
-1.6208e+10
213.81
-1.7827e+13
-4.6575e+07
213.81
186.89
-1.721e+12
213.81
-7.216e+10
213.81
-72339
213.79
-5.7643e+06
-1.7235e+11
213.81
-29.011
189.76
209.63
-7.0097e+10
-1.747e+05
-1.9363e+13
213.81
213.81
-3.6956e+05
213.81
-1.1763e+08
-2.2785e+06
-8.0696e+08
-1.1799e+05
213.81
-1.044e+06
-1.6988e+05
213.81
-6.3661e+10
213.72
211.44
-6.5834e+11
-1.0153e+11
174.45
-2.7465e+05
195.31
213.66
-3.2885e+07
204.71
-13712
213.81
213.66
-486.14
213.78
-2.3074e+06
213.56
-3.4965e+10
213.81
213.81
213.75
-1.9037e+10
-1.1608e+13
-2.298e+13
202.91
203.01
201.91
213.81
-3.2175e+13
213.81
213.81
-3.072e+06
213.38
-3.9072e+07
213.81
-1.5331e+14
213.69
213.81
-3.5073e+09
128.54
213.81
-1.4535e+07
-7.5225e+10
213.81
-1.2375e+07
-2.3805e+06
213.81
213.81
211.81
213.81
-14815
213.81
-5.0477e+07
-59.631
213.78
-5.644e+10
213.73
180.41
-311.21
-80509
-7287.1
213.79
210.69
213.81
213.81
213.77
213.81
-7.6877e+12
-3.092e+11
213.81
-5360.7
-1.04e+08
-5.7373e+07
-65641
-4477.8
-4.8529e+13
213.81
-1.212e+07
213.8
213.81
208.26
213.81
-3.3268e+05
-1.0523e+12
213.81
-5.6246e+12
213.81
207.06
213.75
-39483
-154
-6.8002e+06
-70.376
-3.5144e+11
42.171
213.81
213.31
-51407
-4.6695e+09
-1.5334e+12
-53160
213.81
-1.5859e+08
213.81
172.17
213.81
-1.6877e+07
-6.7906e+07
213.76
213.81
-1.5616e+13
213.81
-7.3473e+07
-23994
213.81
213.81
213.81
-1247.3
-9.8791e+10
-6.5734e+06
85.884
213.81
-9.061e+13
-1.1988e+07
198.39
210.94
200.2
-2.9634e+12
-8286.3
213.81
-1.0073e+07
-2.0159e+12
213.81
-17645
213.78
-1.3958e+07
162.3
213.81
-48.6
-3.5564e+13
213.81
213.71
-3.2694e+08
213.37
213.73
-7.0394e+05
213.77
-9.2307e+07
156.31
-2.9883e+10
-31206
-27241
213.81
-5.6141e+08
-26102
213.81
-1.2134e+13
-8137.8
213.78
-1.4925e+14
203.59
213.81
213.81
-8.3451e+09
-2.2687e+05
213.81
-2.0783e+06
-311.49
213.81
-1.2493e+11
213.81
213.79
213.81
-8.1718e+08
213.81
-9.0345e+12
213.81
213.81
206.84
213.8
-6.0504e+13
-5.7438e+13
149.75
-7.7765e+12
-4091.8
213.81
-5.6573e+08
-5049.7
-2.8286e+09
213.81
213.81
-8.0752e+06
-6.6863e+05
213.81
212.56
213.81
213.81
-22963
115.62
213.4
213.81
213.81
213.81
213.81
213.8
-2.4463e+08
-405.49
213.81
213.81
213.81
-1.0332e+06
-3.1005e+11
161.17
184.83
-30796
213.46
-1.3936e+10
-1.0188e+09
213.8
-2547.7
-6.477e+06
213.81
-5.1737e+10
213.8
213.81
213.69
-4.6841e+11
213.13
213.81
-3.1311e+08
213.81
-1.3006e+07
-4.6671e+12
213.76
213.81
-1.9292e+08
-3.5356e+08
-1.5661e+08
-4.7647e+06
208.63
-57284
-1.0319e+13
-6.3788e+05
-444.6
-3.708e+08
213.81
-1.5317e+12
213.81
213.81
213.81
213.81
213.81
213.81
-1465.8
-1.3999e+06
213.64
213.81
-6.4138e+05
213.81
213.81
213.81
-8.5738e+13
101.41
-3.5596e+12
213.81
211.14
-8.3041e+09
213.81
-1.5026e+09
213.49
213.81
213.81
213.81
213.81
-9.7068e+05
-6.6353e+12
213.81
193.85
-2.414e+10
-1.0149e+09
213.7
213.81
213.81
213.56
213.81
-29.138
-94444
195.97
159.62
-6.0778e+08
213.81
213.81
-6696
-1.7412e+10
128.15
213.81
-4.3433e+08
213.81
213.81
213.8
-2489.1
-5.9343e+09
213.81
-26277
-6.234e+12
213.81
-4.2278e+13
213.81
-7.2449e+08
-4.2843e+08
-2.0012e+05
213.81
213.81
-9.1387e+09
213.81
213.8
-1.9036e+07
213.81
-1.92e+09
213.81
-4.8794e+10
211.1
-39928
-6918.1
-5.8837e+10
-2.1355e+13
213.65
-30241
213.78
-1.3254e+05
-4.9054e+12
189.19
213.8
170.3
-1.2319e+12
-9.1372e+11
3.8802
213.67
213.81
-7.9426e+08
213.81
213.81
213.81
-1.8958e+06
-9.0642e+12
213.81
213.81
213.81
-6.8869e+12
-2.5644e+06
-419.54
-7.828e+05
-1.6347e+09
213.81
-1.622e+06
213.81
-1.8363e+05
-1.8173e+05
-3.3808e+06
-4.7704e+12
-3.0586e+06
-1.3473e+11
-1.4066e+13
200.27
-3931.5
-3.9851e+10
-6.0557e+09
-4.1225e+07
-3.9234e+06
213.81
213.8
-3.557e+11
-4.2774e+11
-2.1284e+07
213.81
211.19
213.77
213.81
213.81
-1.0015e+05
-1.1032e+13
-3.6729e+07
-3536.7
213.76
-2.2924e+05
213.81
-1.5782e+14
213.81
-8.7283e+12
-1.2581e+05
213.81
-4.7114e+07
208.04
-74.234
-1.7749e+05
213.76
-16482
140.8
213.81
-3.4359e+13
-1675.2
213.8
213.81
213.81
-5669.1
213.81
185.57
213.81
-11573
-2.0949e+07
213.81
-1.9173e+13
-1.227e+14
213.81
-3.201e+09
-655.75
-7.7765e+12
213.73
-2.0192e+12
-1303.3
213.81
-1.8456e+11
213.81
205.8
213.81
-7.4857e+13
213.81
213.79
-3.3608e+12
213.81
-6.8045e+05
-3.6311e+13
-7.109e+12
145.86
213.78
213.81
-1.6187e+09
-3.8804e+11
-13514
-2.5647e+09
-9.3768e+09
-8.7487e+07
-2.0759e+08
-7.6451e+06
213.81
213.04
213.81
-235.46
-1.101e+11
213.81
-1.4254e+08
213.81
-1.0751e+07
182.17
-45698
213.81
213.81
213.78
213.81
213.81
213.81
213.81
213.81
-3971.4
-2.1795e+08
212.63
-8.5597e+13
-2.4082e+05
-9.256e+07
-1.6746e+12
-454.95
137.01
213.81
213.81
211.29
206.25
213
213.8
213.81
-3.5433e+08
-1.6279e+10
166.95
-3.3811e+09
4.4186
-2.2243e+06
213.81
70.637
-1.5258e+12
213.81
-2.2013e+05
-5.9236e+11
210.67
-5.7459e+12
-7.388e+13
-6913
213.8
130.39
-7.3799e+13
-5.2637e+06
213.8
-18545
-1.2234e+13
213.81
213.81
213.79
213.7
213.81
-1.3422e+14
213.81
-7.1387e+08
213.77
213.81
213.81
-5.6388e+08
-2.1784e+11
-2.2062e+05
-3.2523e+12
-4.3926e+07
157.98
213.81
213.81
213.62
213.81
-2.1068e+08
213.73
213.81
213.7
-2.7457e+08
-3.6146e+12
207.69
213.81
213.81
-8799.3
213.77
175.42
203.68
-1.8557e+06
213.81
-8.868e+12
213.81
-4312.1
187.63
-1.8092e+10
213.68
213.79
213.69
-8.1062e+06
213.78
213.81
213.81
213.81
213.81
213.81
212.75
-1194.4
69.689
213.81
-6.4819e+07
-7.5445e+11
213.8
213.81
-9.3881e+05
-2.3925e+12
-5.2931e+12
213.81
-3.7873e+10
-4.0112e+07
-5037.6
213.81
-1.6862e+11
-8247.7
213.81
213.81
213.8
-2.0303e+12
-2.6234e+13
213.81
-4.2324e+13
213.81
213.8
-3.2547e+13
-3.5241e+11
213.81
213.81
213.78
-1.4852e+11
-6.9147e+13
213.71
213.81
213.81
206.81
213.81
213.81
212.8
-420.13
-4.2054e+05
213.78
167.66
-1.0097e+06
-2.2672e+11
-1.7434e+11
-4.5577e+11
-8.2685e+05
-3806
-2.6849e+11
213.81
-2.2735e+06
-5.6488e+06
213.81
-3.8437e+10
213.81
-4.6322e+10
213.63
-3.6503e+09
213.81
213.37
-1879.8
213
213.71
-91738
213.81
-3.7771e+13
213.72
-6.8666e+08
-4.3977e+13
-5.4053e+13
213.79
213.81
151.78
-49056
-6.6752e+09
-299.92
-6.3905e+10
213.81
212.23
-1.969e+09
-509.98
212.98
-5.392e+06
-7.6288e+09
213.81
-2.5969e+06
-3.7577e+09
-1.893e+12
-2.2972e+11
-6.8343e+12
213.75
213.6
-4.6679e+10
213.81
213.81
-2.9987e+11
-7.384e+13
-1.4275e+13
-1.8802e+11
213.81
213.81
213.8
-1.8342e+13
213.81
-1.0508e+13
213.81
213.15
-1.237e+08
213.81
213.8
213.78
-8.8292e+12
-625.64
213.81
-22032
213.8
213.81
213.81
202.63
-36825
-1.212e+07
-18179
213.81
-2181.5
213.81
-21460
206.31
-1.1791e+09
-2108.8
213.5
-1.4852e+06
213.81
207.9
-7.963e+10
-3.6771e+13
-1.2783e+05
213.81
213.77
-4.6884e+10
-1.0594e+10
-6.9513e+05
-7.7367e+08
-5021.3
213.74
-44547
213.81
213.81
-5.7533e+13
213.81
-8.8745e+13
213.81
-7.7508e+09
213.8
-3.5589e+08
213.81
-3.4689e+06
213.78
213.81
-5272.1
213.81
213.81
213.81
213.81
-1.5373e+06
213.81
213.8
193.46
213.81
213.79
-4.5517e+07
213.81
-8.8261e+13
213.81
160.45
-3.1101e+05
-3.9502e+07
-1.8215e+11
210.45
213.81
213.81
213.78
-2.3851e+10
-2.4683e+05
213.81
213.81
213.73
-1.4594e+06
213.79
-4.6969e+11
-3.4396e+13
-1.7759e+10
213.81
213.81
213.81
-3.4812e+10
213.81
-1.6951e+05
213.77
213.81
-1.1594e+05
213.8
-7.9483
213.81
-2.8859e+08
-3.6165e+09
110.58
58.042
213.28
213.81
-2283.3
213.72
-1.4372e+06
-54730
213.81
-478.9
-1.3463e+07
213.81
213.81
213.73
-5.7564e+13
-2.255e+05
-2.2217e+08
-2.0749e+05
-9.419e+05
213.81
-2970.3
-6.2112e+10
199.07
213.78
-4.4852e+13
-3.9917e+13
20.947
213.81
213.81
-7.6793e+12
-3.228e+10
-4.8569e+06
-6.9841e+08
213.81
-5.4536e+08
213.81
213.81
212.29
-3.6517e+11
213.81
163.48
-164.51
-8.4231e+09
-41.136
-2.7149e+09
-1.4933e+14
213.78
172.72
213.81
-14647
213.81
213.77
-21781
-3.6471e+13
213.81
213.81
-2468.9
213.81
-5.0913e+09
213.81
-1.4698e+08
-1829.6
-32908
-3.9888e+12
213.81
-6.442e+09
-15111
213.81
-3.4876e+11
-29.625
212.77
-9.6227e+07
213.81
204.5
-1.5726e+07
213.81
213.78
-2.8775e+07
-1.7984e+13
-7.3276e+13
-2.7508e+12
213.81
213.81
-9475
213.81
213.81
213.81
213.81
-5.5988e+08
-8.4956e+08
213.81
-3.2688e+07
213.56
-18471
213.81
213.81
-440.18
-5.7643e+06
-9.162e+08
111.79
-9.8504e+12
-4.4088e+09
-6.2635e+08
-7.1867e+06
213.81
213.81
-6.1977e+10
213.81
-2.7166e+05
213.81
213.81
213.81
206.55
213.81
213.81
-7.9307e+06
-5.1081e+12
-3.9983e+13
213.81
-50251
213.81
-7.6344e+10
-331.5
213.81
213.81
-1.8391e+07
-4.0912e+13
-1.0549e+06
-1.2889e+11
-7.2318e+10
213.81
213.81
-20441
-955.35
-6.6475e+13
-4.2e+10
-1.0628e+07
-1.5317e+05
-5236.1
-14632
-3.7533e+06
-5.4488e+12
-1.9597e+10
213.81
-6.9158e+11
213.81
-2818.3
213.81
213.81
213.77
213.78
-3.3007e+12
213.81
213.81
213.81
-1.087e+13
209.59
213.81
-3.5138e+10
177.68
-8.6114e+13
-1.4736e+13
-1.3766e+09
-83204
213.81
213.81
193.25
-4.8564e+11
-1.434e+08
-3.2156e+07
-4.1916e+05
213.81
154.41
-6.4773e+05
-1.4309e+06
-3.9445e+08
213.81
213.81
213.74
-1.2015e+13
-1.6102e+13
-4.5098e+13
213.81
213.81
213.81
213.8
-3.3073e+11
-783.72
-5.4053e+13
213.81
-6.7487e+09
-4.6169e+07
213.46
-6.0666e+07
213.81
-1139.7
189.45
-2.4175e+09
213.81
213.81
210.67
-1.4298e+07
-3.74e+13
213.81
-4.4647e+12
209.36
-2.9013e+10
213.81
104.73
213.81
104.74
209.83
-9441.7
213.81
-2.2842e+13
-2.0343e+08
-5.7762e+08
213.81
213.81
-1.4601e+08
-4.0578e+13
213.81
213.81
213.81
213.81
213.81
213.26
213.81
-3124.6
212.51
-5.4169e+07
213.75
213.81
-3.2779e+13
-2.1983e+10
213.81
213.81
-1.1207e+05
213.81
213.81
-8730.5
213.81
-66731
-8.3511e+07
-3.0095e+07
-1.5862e+09
-1422.1
-4.0289e+10
-1.1038e+10
-9.2798e+09
213.81
213.81
-5.9569e+05
-177.8
-5913.9
-1.0382e+13
-3.083e+05
-1.4765e+09
-2.6219e+10
183.86
-1.2919e+09
-1.1458e+08
-2393.9
-1.0572e+06
-3.5279e+11
213.76
-440.25
-1.0724e+14
-8.9196e+08
213.81
213.81
213.81
-1.5205e+11
167.02
213.79
213.81
-9.6947e+06
213.81
213.8
-3.9366e+09
-2.3552e+07
213.78
213.81
213.81
213.68
-8.4319e+06
197.6
213.81
213.81
-526.4
213.81
-2.8354e+13
212.61
-8.8692e+07
-1.1867e+11
-4.4468e+11
-1.0648e+14
-397.84
213.81
213.81
213.81
-9.2946e+06
213.81
213.13
213.64
213.81
54.956
186.1
-4.4991e+12
213.81
-3.0634e+11
201.65
213.81
213.81
-1.3989e+13
-1.7977e+08
213.81
213.81
-1.3266e+10
213.81
213.81
-4701.2
213.81
213.79
-9.3932e+05
-8.4786e+09
-7.9993e+08
-1.5952e+07
-8.6251e+07
-3.7488e+08
-5.1837e+06
213.73
-25742
213.5
39.39
213.77
-6.1111e+08
213.81
212.16
-4.6077e+08
213.81
-1.5471e+13
213.81
157.48
213.81
210.71
-76630
-281.38
213.81
213.81
-7301.9
213.81
-2.0681e+05
213.81
174.34
213.48
209.07
211.81
213.7
213.81
213.81
-5.1456e+13
-2.6306e+13
-31206
-5.6768e+05
78.342
213.22
-9.4144e+07
-1.5089e+06
-7.0109e+08
213.59
-4.6162e+09
-3.2398e+09
213.81
-1.7248e+12
122.3
-2.2037e+06
213.64
213.81
213.81
213.42
213.81
-5.0057e+12
-4.8942e+06
212.54
-6489.3
213.81
212.24
-4.5784e+09
213.4
-2.1563e+12
213.8
213.7
-1.7355e+10
-3.097e+08
213.81
-9.5164e+09
213.81
-4622.2
-4444.3
213.48
213.77
-53247
213.81
213.81
-5830.3
163.18
213.8
-4251.3
-7.7311e+10
210.45
-4.9539e+12
-958.49
213.81
213.81
213.81
213.75
213.81
-6185
-2.4761e+06
213.55
-1.0382e+13
-11549
-2174.4
213.81
213.81
213.81
213.52
174.86
-4.5162e+09
-4.1165e+05
213.81
-1.0072e+09
213.8
-6589.5
213.77
51.343
213.79
-1.0571e+13
213.79
213.81
-9.3753e+11
-24985
-105.99
213.66
212.88
-1.3062e+12
-7.8246e+07
213.75
-5.7719e+07
-1.7984e+05
212.88
-2.865e+10
-5015.6
-4.5014e+09
-1282.6
213.81
-1.5474e+06
-1.8192e+05
-35926
213.81
-3.9143e+05
-2.4733e+11
213.81
213.81
-18649
213.81
-6.7659e+08
-139.25
-1.0712e+08
-1.6602e+07
-1.0579e+14
213.48
213.81
-4.8299e+11
-8.368e+09
-3.9488e+08
213.8
213.81
213.81
-1.4717e+12
203.74
145.83
213.81
-1.9812e+07
-1.0923e+07
-1.7808e+13
-1.9235e+07
-2.6348e+07
213.81
213.81
213.81
213.81
-600.39
-1.8343e+05
213.81
-5.8004e+07
-6.6424e+09
-1.1556e+05
-1367.2
210.28
213.81
-5.7574e+11
169.81
-1.1915e+12
0.21375
213.81
182.24
-6165.8
213.74
213.81
213.81
213.66
-4.2884e+13
213.81
213.69
-8.0462e+10
-1.154e+06
213.68
213.81
213.81
213.81
213.81
-6.8194e+12
213.81
-96433
-8.5968e+07
-5.419e+09
-2.0067e+11
213.81
-7.378e+06
-2.1131e+12
