-2.1739
-2.1827
-2.2267
-2.4007
-2.3619
-2.204
-2.2555
-2.2054
-2.4298
-2.24
-2.4111
-2.1707
-2.4253
-2.1956
-2.1798
-2.401
-2.3769
-2.4235
-2.4219
-2.425
-2.3656
-2.4239
-2.1706
-2.3342
-2.2885
-2.3744
-2.3927
-2.1789
-2.3834
-2.4299
-2.1822
-2.407
-2.4289
-2.1702
-2.4147
-2.3901
-2.1883
-2.2494
-2.3883
-2.1815
-2.4099
-2.3831
-2.2747
-2.3637
-2.4059
-2.1753
-2.4127
-2.2322
-2.2252
-2.4297
-2.4127
-2.4093
-2.4283
-2.3817
-2.1926
-2.4243
-2.19
-2.4023
-2.3949
-2.2625
-2.3428
-2.3541
-2.4253
-2.2395
-2.231
-2.4193
-2.4254
-2.4246
-2.2375
-2.3101
-2.17
-2.1846
-2.1878
-2.4173
-2.4286
-2.3567
-2.3174
-2.3158
-2.2032
-2.188
-2.3874
-2.2899
-2.1939
-2.4119
-2.4102
-2.1756
-2.43
-2.2487
-2.3676
-2.3227
-2.196
-2.4096
-2.3034
-2.2361
-2.1826
-2.2131
-2.1826
-2.2346
-2.4283
-2.36
-2.1775
-2.1733
-2.4239
-2.3596
-2.2535
-2.3986
-2.4092
-2.1776
-2.1701
-2.3848
-2.1718
-2.1704
-2.1709
-2.3208
-2.1852
-2.2262
-2.3599
-2.4159
-2.1785
-2.2324
-2.4109
-2.1866
-2.3749
-2.1719
-2.3658
-2.174
-2.1706
-2.3585
-2.3099
-2.4271
-2.3066
-2.3267
-2.1735
-2.3313
-2.424
-2.286
-2.3883
-2.1831
-2.2235
-2.1707
-2.3527
-2.1924
-2.2794
-2.2966
-2.3902
-2.2247
-2.417
-2.2358
-2.347
-2.4293
-2.2215
-2.4224
-2.4234
-2.3316
-2.43
-2.241
-2.1832
-2.1708
-2.2905
-2.3982
-2.17
-2.2066
-2.4082
-2.1838
-2.3911
-2.205
-2.2867
-2.3608
-2.3261
-2.4178
-2.3795
-2.2832
-2.1855
-2.1965
-2.248
-2.1979
-2.4229
-2.3096
-2.1733
-2.4138
-2.1743
-2.2416
-2.4002
-2.2578
-2.4196
-2.266
-2.3802
-2.1858
-2.1708
-2.4127
-2.3242
-2.2047
-2.2901
-2.4274
-2.2517
-2.2712
-2.1798
-2.4275
-2.3843
-2.17
-2.1971
-2.3397
-2.4252
-2.1784
-2.3313
-2.4299
-2.1717
-2.2711
-2.3559
-2.2586
-2.3621
-2.1769
-2.3589
-2.3065
-2.2649
-2.4267
-2.1715
-2.2561
-2.1709
-2.1827
-2.1995
-2.3066
-2.2558
-2.2905
-2.3992
-2.4275
-2.3877
-2.333
-2.3518
-2.3843
-2.1721
-2.3716
-2.2369
-2.4205
-2.2156
-2.3883
-2.3736
-2.2664
-2.4192
-2.1967
-2.3344
-2.1714
-2.4075
-2.1939
-2.3856
-2.4211
-2.2288
-2.2209
-2.2297
-2.2116
-2.4254
-2.3974
-2.1758
-2.4286
-2.1814
-2.2357
-2.384
-2.2266
-2.4192
-2.4299
-2.2981
-2.2474
-2.2522
-2.2571
-2.3713
-2.2957
-2.2605
-2.3968
-2.4299
-2.1809
-2.4007
-2.248
-2.4299
-2.2971
-2.4002
-2.234
-2.1799
-2.3237
-2.3586
-2.4174
-2.4024
-2.2865
-2.427
-2.1887
-2.3957
-2.1711
-2.2468
-2.1727
-2.4063
-2.4279
-2.3502
-2.3013
-2.2676
-2.4228
-2.336
-2.2376
-2.4233
-2.4115
-2.2563
-2.4081
-2.2333
-2.3965
-2.1708
-2.179
-2.2012
-2.1864
-2.1756
-2.4247
-2.1783
-2.3851
-2.3369
-2.3017
-2.1808
-2.4029
-2.3592
-2.4154
-2.4202
-2.1735
-2.206
-2.4226
-2.3318
-2.429
-2.1766
-2.1797
-2.422
-2.1712
-2.1789
-2.3452
-2.2211
-2.2015
-2.1753
-2.1743
-2.1947
-2.1811
-2.43
-2.3171
-2.1704
-2.2584
-2.4073
-2.2017
-2.1813
-2.3127
-2.1949
-2.183
-2.2826
-2.3192
-2.2896
-2.371
-2.3151
-2.4265
-2.1874
-2.3197
-2.4081
-2.419
-2.3344
-2.3633
-2.1701
-2.1704
-2.2518
-2.1858
-2.4116
-2.1706
-2.272
-2.4128
-2.4223
-2.3612
-2.3067
-2.3688
-2.1796
-2.4108
-2.3675
-2.4271
-2.1716
-2.2261
-2.4032
-2.2067
-2.2209
-2.1813
-2.1795
-2.2316
-2.2333
-2.3331
-2.2565
-2.3884
-2.2721
-2.3267
-2.4179
-2.2239
-2.357
-2.3536
-2.382
-2.4283
-2.2646
-2.4288
-2.183
-2.1879
-2.4284
-2.3441
-2.1886
-2.1878
-2.4149
-2.2383
-2.2309
-2.335
-2.17
-2.1714
-2.4252
-2.1713
-2.2331
-2.3133
-2.4028
-2.3499
-2.4256
-2.2975
-2.31
-2.1724
-2.2178
-2.2067
-2.1836
-2.1818
-2.4168
-2.3872
-2.339
-2.1806
-2.201
-2.4273
-2.3488
-2.1784
-2.1981
-2.3456
-2.3352
-2.3704
-2.2108
-2.4227
-2.1925
-2.3166
-2.274
-2.4057
-2.2355
-2.2306
-2.4003
-2.3278
-2.3764
-2.2798
-2.3677
-2.1733
-2.3402
-2.4273
-2.3162
-2.1816
-2.277
-2.1877
-2.3132
-2.2829
-2.1712
-2.3962
-2.3472
-2.249
-2.1811
-2.2333
-2.2444
-2.1911
-2.1786
-2.3326
-2.2016
-2.3851
-2.2428
-2.423
-2.2756
-2.348
-2.4201
-2.1761
-2.1765
-2.1703
-2.1701
-2.1795
-2.1723
-2.4103
-2.3494
-2.4278
-2.2893
-2.3778
-2.1806
-2.2045
-2.3896
-2.3956
-2.172
-2.1701
-2.3029
-2.1953
-2.3117
-2.3968
-2.2742
-2.4107
-2.3699
-2.1715
-2.4277
-2.3324
-2.243
-2.2229
-2.1844
-2.2759
-2.173
-2.4287
-2.1937
-2.1951
-2.2251
-2.3635
-2.425
-2.3538
-2.4068
-2.342
-2.1999
-2.3928
-2.2829
-2.1701
-2.1716
-2.1724
-2.3746
-2.4149
-2.2175
-2.4049
-2.1749
-2.1936
-2.1728
-2.2233
-2.1928
-2.4103
-2.2232
-2.2101
-2.1876
-2.1804
-2.1856
-2.4228
-2.1702
-2.4295
-2.4176
-2.1748
-2.3362
-2.3724
-2.2679
-2.4299
-2.2299
-2.2511
-2.3821
-2.3616
-2.1964
-2.2574
-2.2505
-2.2188
-2.1796
-2.3453
-2.3402
-2.2385
-2.2208
-2.4096
-2.4153
-2.3708
-2.3835
-2.3537
-2.1787
-2.2847
-2.3069
-2.4202
-2.2136
-2.3198
-2.414
-2.2601
-2.2863
-2.4244
-2.4225
-2.226
-2.204
-2.418
-2.17
-2.2336
-2.4265
-2.3943
-2.3711
-2.4198
-2.3709
-2.1701
-2.4147
-2.1715
-2.421
-2.1702
-2.3837
-2.4294
-2.2195
-2.2314
-2.1762
-2.4157
-2.1794
-2.1793
-2.1825
-2.3657
-2.4187
-2.3373
-2.3008
-2.3483
-2.4062
-2.2067
-2.1777
-2.3864
-2.412
-2.4225
-2.4175
-2.1881
-2.2789
-2.177
-2.3845
-2.4215
-2.1755
-2.17
-2.3484
-2.2324
-2.1882
-2.2484
-2.1745
-2.1746
-2.1724
-2.3762
-2.2262
-2.2024
-2.2338
-2.4237
-2.3993
-2.4214
-2.3661
-2.1782
-2.4282
-2.3765
-2.2919
-2.4289
-2.3014
-2.43
-2.3152
-2.1898
-2.386
-2.17
-2.1711
-2.1977
-2.4277
-2.2323
-2.2141
-2.2406
-2.1791
-2.1702
-2.1714
-2.2421
-2.2645
-2.4026
-2.2228
-2.2287
-2.1798
-2.176
-2.2202
-2.1704
-2.2096
-2.1801
-2.4259
-2.3657
-2.2251
-2.3645
-2.4047
-2.3456
-2.2711
-2.1889
-2.2703
-2.356
-2.2427
-2.4291
-2.3614
-2.4186
-2.3183
-2.4252
-2.4054
-2.3989
-2.3296
-2.4091
-2.4261
-2.1702
-2.2691
-2.1709
-2.408
-2.1707
-2.3956
-2.429
-2.2059
-2.2133
-2.4295
-2.2805
-2.3377
-2.2723
-2.4298
-2.3528
-2.1782
-2.3224
-2.3962
-2.1825
-2.2389
-2.4193
-2.2182
-2.429
-2.3086
-2.3422
-2.4038
-2.3329
-2.4249
-2.4298
-2.3492
-2.1809
-2.4291
-2.4082
-2.4244
-2.3174
-2.3084
-2.3922
-2.1932
-2.2266
-2.3688
-2.403
-2.1739
-2.2448
-2.2318
-2.2711
-2.4297
-2.2631
-2.2369
-2.1724
-2.4298
-2.2105
-2.24
-2.2952
-2.1782
-2.345
-2.2881
-2.2123
-2.2041
-2.2128
-2.3619
-2.4291
-2.3175
-2.2594
-2.1848
-2.4231
-2.1869
-2.2518
-2.3889
-2.4239
-2.3683
-2.2089
-2.3525
-2.4295
-2.3512
-2.2627
-2.1756
-2.17
-2.3987
-2.4002
-2.1712
-2.1952
-2.239
-2.2757
-2.3705
-2.2743
-2.3975
-2.3216
-2.1866
-2.4049
-2.2224
-2.2879
-2.4205
-2.3605
-2.1969
-2.1926
-2.4281
-2.413
-2.4043
-2.4218
-2.347
-2.2852
-2.4228
-2.4011
-2.1772
-2.1727
-2.1794
-2.17
-2.1848
-2.339
-2.1711
-2.2903
-2.385
-2.4294
-2.1707
-2.1753
-2.3802
-2.1717
-2.1737
-2.4297
-2.1735
-2.3395
-2.3134
-2.427
-2.4192
-2.2366
-2.2838
-2.383
-2.2544
-2.4284
-2.2956
-2.2011
-2.3082
-2.3794
-2.2504
-2.1703
-2.2531
-2.4204
-2.4294
-2.3334
-2.3142
-2.4246
-2.4187
-2.4119
-2.4101
-2.4091
-2.3638
-2.2974
-2.426
-2.177
-2.3645
-2.1704
-2.3695
-2.3762
-2.2768
-2.18
-2.4163
-2.1867
-2.2818
-2.4237
-2.1778
-2.4143
-2.3332
-2.2364
-2.1775
-2.2416
-2.3611
-2.3461
-2.1973
-2.2433
-2.1775
-2.2308
-2.2304
-2.1733
-2.4048
-2.423
-2.2139
-2.3674
-2.1788
-2.4254
-2.3495
-2.2278
-2.3149
-2.4213
-2.2204
-2.1971
-2.3885
-2.2331
-2.3525
-2.4275
-2.4169
-2.2914
-2.376
-2.1895
-2.4014
-2.375
-2.4062
-2.2497
-2.1738
-2.4007
-2.4029
-2.3692
-2.1708
-2.4299
-2.2215
-2.3486
-2.1729
-2.3551
-2.4244
-2.4296
-2.1723
-2.4099
-2.1723
-2.3642
-2.1707
-2.1732
-2.4116
-2.2586
-2.1743
-2.349
-2.2332
-2.4258
-2.1963
-2.4299
-2.413
-2.2852
-2.3847
-2.4003
-2.3035
-2.294
-2.3919
-2.4135
-2.2463
-2.3726
-2.216
-2.1793
-2.1918
-2.1814
-2.4263
-2.369
-2.1703
-2.173
-2.2794
-2.3928
-2.2715
-2.2132
-2.2164
-2.4235
-2.4073
-2.2801
-2.171
-2.1974
-2.3898
-2.3763
-2.4204
-2.3985
-2.24
-2.43
-2.1707
-2.1713
-2.3699
-2.224
-2.2165
-2.4243
-2.4223
-2.4293
-2.1954
-2.389
-2.197
-2.214
-2.3009
-2.1762
-2.3493
-2.1937
-2.4135
-2.3119
-2.1769
-2.4191
-2.3399
-2.3587
-2.1954
-2.4254
-2.2494
-2.307
-2.3801
-2.4262
-2.2886
-2.2933
-2.2728
-2.2779
-2.2558
-2.3058
-2.3283
-2.3628
-2.2696
-2.4185
-2.3289
-2.4164
-2.3113
-2.1859
-2.4148
-2.1801
-2.1721
-2.2112
-2.2636
-2.1874
-2.3488
-2.1887
-2.2766
-2.3057
-2.2595
-2.176
-2.2049
-2.1714
-2.3794
-2.3766
-2.173
-2.297
-2.2466
-2.2946
-2.1789
-2.1923
-2.1941
-2.3602
-2.3639
-2.3181
-2.4057
-2.2163
-2.2547
-2.3007
-2.3529
-2.1814
-2.1702
-2.4088
-2.3674
-2.2192
-2.1705
-2.3334
-2.1877
-2.3521
-2.2601
-2.2539
-2.3196
-2.2443
-2.3012
-2.3962
-2.2618
-2.2957
-2.2568
-2.2283
-2.2346
-2.1913
-2.22
-2.3261
-2.4197
-2.2802
-2.344
-2.3107
-2.1702
-2.2367
-2.288
-2.2695
-2.4019
-2.3687
-2.1736
-2.3863
-2.2184
-2.3147
-2.4271
-2.429
-2.1983
-2.2558
-2.43
-2.2688
-2.4297
-2.381
-2.1908
-2.348
-2.3783
-2.184
-2.1773
-2.2069
-2.1701
-2.197
-2.1702
-2.3682
-2.3384
-2.2517
-2.171
-2.1907
-2.1701
-2.2123
-2.3999
-2.1954
-2.3894
-2.3711
-2.4291
-2.2497
-2.1768
-2.2727
-2.1701
-2.4164
-2.2136
-2.3303
-2.17
-2.1768
-2.2499
-2.1772
-2.3
-2.4233
-2.2272
-2.3958
-2.3838
-2.1955
-2.2233
-2.3807
-2.1724
-2.4295
-2.3309
-2.2202
-2.1704
-2.2443
-2.4129
-2.3672
-2.4229
-2.2176
-2.203
-2.4137
-2.4287
-2.2724
-2.3118
-2.1814
-2.1813
-2.2047
-2.263
-2.1798
-2.349
-2.1902
-2.4195
-2.2504
-2.3829
-2.1922
-2.1743
-2.17
-2.2008
-2.2956
-2.4272
-2.3675
-2.2385
-2.4142
-2.1734
-2.3294
-2.3137
-2.2725
-2.4214
-2.2114
-2.397
-2.1746
-2.4083
-2.3406
-2.4207
-2.43
-2.4286
-2.1791
-2.1915
-2.4285
-2.1875
-2.2378
-2.3269
-2.43
-2.3155
-2.1723
-2.4293
-2.4155
-2.2829
-2.2833
-2.2987
-2.4143
-2.4041
-2.1712
-2.4291
-2.3328
-2.215
-2.2818
-2.4039
-2.3398
-2.1704
-2.3376
-2.2889
-2.3348
-2.2429
-2.3721
-2.3173
-2.3538
-2.4294
-2.4045
-2.2498
-2.3729
-2.2924
-2.4276
-2.3781
-2.1779
-2.2415
-2.3258
-2.1993
-2.418
-2.2772
-2.3618
-2.2263
-2.2969
-2.3209
-2.3675
-2.2982
-2.2085
-2.3335
-2.1743
-2.3907
-2.3912
-2.2352
-2.2242
-2.3366
-2.4227
-2.2069
-2.4014
-2.4292
-2.1718
-2.2325
-2.3152
-2.1701
-2.4296
-2.4229
-2.3477
-2.1875
-2.17
-2.1706
-2.2073
-2.3491
-2.271
-2.4252
-2.4294
-2.4032
-2.3839
-2.4279
-2.4023
-2.1722
-2.3886
-2.2086
-2.3979
-2.2804
-2.2279
-2.2681
-2.4074
-2.2873
-2.2547
-2.3857
-2.1792
-2.1738
-2.2911
-2.2752
-2.2664
-2.1807
-2.2796
-2.216
-2.4282
-2.3712
-2.3729
-2.3035
-2.179
-2.181
-2.4121
-2.2698
-2.3259
-2.4212
-2.3575
-2.411
-2.3544
-2.3665
-2.4275
-2.4184
-2.4091
-2.3395
-2.3132
-2.1704
-2.2516
-2.2173
-2.205
-2.2288
-2.3935
-2.2014
-2.2389
-2.2177
-2.2027
-2.4114
-2.3949
-2.2876
-2.1801
-2.4086
-2.4293
-2.1742
-2.3057
-2.391
-2.1898
-2.4194
-2.4272
-2.4207
-2.374
-2.1744
-2.3576
-2.3764
-2.3993
-2.3601
-2.2388
-2.2364
-2.1756
-2.4291
-2.4146
-2.3822
-2.1732
-2.2609
-2.3127
-2.2005
-2.3524
-2.1719
-2.2004
-2.2228
-2.1701
-2.3486
-2.2043
-2.2413
-2.3486
-2.1709
-2.4292
-2.3688
-2.2892
-2.1969
-2.1716
-2.43
-2.1743
-2.4277
-2.1925
-2.1911
-2.422
-2.171
-2.4206
-2.3868
-2.396
-2.2365
-2.429
-2.2478
-2.3629
-2.3095
-2.3683
-2.251
-2.1803
-2.3267
-2.1709
-2.3833
-2.4013
-2.2284
-2.2539
-2.323
-2.1977
-2.4283
-2.2016
-2.4241
-2.4295
-2.3962
-2.3272
-2.2066
-2.1782
-2.1759
-2.2364
-2.2149
-2.3364
-2.3645
-2.2803
-2.307
-2.2457
-2.1854
-2.2848
-2.3109
-2.2115
-2.2372
-2.395
-2.1705
-2.1757
-2.4294
-2.1968
-2.1706
-2.1705
-2.1817
-2.1902
-2.3847
-2.3568
-2.1807
-2.2013
-2.4168
-2.428
-2.1874
-2.4245
-2.2026
-2.4278
-2.2189
-2.4297
-2.4062
-2.1748
-2.1752
-2.2755
-2.3215
-2.3751
-2.4139
-2.4068
-2.2674
-2.3104
-2.1786
-2.4268
-2.3399
-2.4229
-2.3919
-2.2294
-2.2922
-2.1925
-2.1711
-2.2912
-2.385
-2.1709
-2.4245
-2.4232
-2.3013
-2.3413
-2.3233
-2.243
-2.397
-2.2615
-2.177
-2.1766
-2.3812
-2.3691
-2.359
-2.3103
-2.1701
-2.4173
-2.178
-2.4287
-2.3079
-2.1897
-2.43
-2.2585
-2.2171
-2.1929
-2.177
-2.2654
-2.1943
-2.4043
-2.2146
-2.4209
-2.3297
-2.3597
-2.1721
-2.3611
-2.1947
-2.2042
-2.2063
-2.324
-2.3427
-2.3565
-2.4233
-2.2824
-2.2102
-2.2973
-2.2698
-2.3017
-2.2055
-2.3103
-2.2513
-2.2084
-2.4282
-2.3909
-2.2969
-2.4255
-2.4292
-2.2952
-2.2057
-2.2892
-2.4299
-2.3518
-2.429
-2.3612
-2.1809
-2.3783
-2.1894
-2.3009
-2.2658
-2.4232
-2.3511
-2.4181
-2.4099
-2.2459
-2.3294
-2.4297
-2.3592
-2.17
-2.4298
-2.4143
-2.416
-2.3476
-2.17
-2.3738
-2.4296
-2.4241
-2.3255
-2.4097
-2.2201
-2.3039
-2.426
-2.17
-2.2738
-2.2749
-2.3873
-2.385
-2.4014
-2.2854
-2.4287
-2.384
-2.3677
-2.2134
-2.3415
-2.2051
-2.4177
-2.179
-2.3762
-2.2359
-2.2173
-2.1788
-2.3708
-2.2745
-2.4292
-2.1957
-2.2401
-2.3729
-2.251
-2.4102
-2.1894
-2.3796
-2.1709
-2.3984
-2.1936
-2.2439
-2.3007
-2.4297
-2.3927
-2.2622
-2.4294
-2.3306
-2.2643
-2.259
-2.306
-2.4272
-2.2981
-2.4281
-2.2145
-2.3971
-2.2105
-2.43
-2.4231
-2.3692
-2.1957
-2.4052
-2.2039
-2.4289
-2.3425
-2.2915
-2.1707
-2.1878
-2.1951
-2.3977
-2.4042
-2.1863
-2.1726
-2.4057
-2.3655
-2.1702
-2.3197
-2.1709
-2.1832
-2.1841
-2.2947
-2.2774
-2.391
-2.3078
-2.3714
-2.4212
-2.3918
-2.1702
-2.2144
-2.3901
-2.2299
-2.3664
-2.3404
-2.1705
-2.3261
-2.2002
-2.2652
-2.2083
-2.1707
-2.191
-2.3863
-2.3404
-2.2343
-2.3425
-2.2745
-2.4139
-2.175
-2.1908
-2.3451
-2.3701
-2.1725
-2.4287
-2.2031
-2.2858
-2.4294
-2.2439
-2.2401
-2.1807
-2.4299
-2.1721
-2.428
-2.1751
-2.4283
-2.4144
-2.4298
-2.2433
-2.1788
-2.3475
-2.2129
-2.2872
-2.2711
-2.2097
-2.3441
-2.2116
-2.1882
-2.2098
-2.3639
-2.2013
-2.3408
-2.4084
-2.3676
-2.4243
-2.2141
-2.4134
-2.241
-2.1782
-2.24
-2.2459
-2.3456
-2.1747
-2.3487
-2.2361
-2.2541
-2.1707
-2.2023
-2.17
-2.3285
-2.1796
-2.175
-2.2725
-2.188
-2.4244
-2.1832
-2.2974
-2.1974
-2.1769
-2.17
-2.2883
-2.2602
-2.4294
-2.2283
-2.4287
-2.4105
-2.4272
-2.1709
-2.3074
-2.1873
-2.4225
-2.3281
-2.3838
-2.426
-2.4295
-2.194
-2.2077
-2.1868
-2.4274
-2.4099
-2.1707
-2.1962
-2.3071
-2.1961
-2.3111
-2.4251
-2.1854
-2.3974
-2.2139
-2.3515
-2.1884
-2.4034
-2.1726
-2.343
-2.2234
-2.2375
-2.2813
-2.4141
-2.2242
-2.1849
-2.398
-2.3716
-2.31
-2.2001
-2.3522
-2.1843
-2.3662
-2.2913
-2.4196
-2.2647
-2.1982
-2.2643
-2.294
-2.4193
-2.2582
-2.1714
-2.3866
-2.1712
-2.4225
-2.1715
-2.2815
-2.2582
-2.331
-2.333
-2.2874
-2.2488
-2.3234
-2.3023
-2.1924
-2.4297
-2.1709
-2.4045
-2.3814
-2.2672
-2.4131
-2.2809
-2.3216
-2.4234
-2.3394
-2.4297
-2.2722
-2.2358
-2.2187
-2.1767
-2.3744
-2.428
-2.3948
-2.4078
-2.3078
-2.1846
-2.2309
-2.3464
-2.2354
-2.3949
-2.4143
-2.4082
-2.4128
-2.4213
-2.2946
-2.3332
-2.4267
-2.4005
-2.4228
-2.2918
-2.2624
-2.1908
-2.299
-2.3811
-2.3247
-2.3795
-2.1743
-2.182
-2.2125
-2.4285
-2.1706
-2.26
-2.2713
-2.4213
-2.2363
-2.3425
-2.1863
-2.3459
-2.3202
-2.243
-2.4008
-2.2511
-2.2548
-2.2953
-2.3601
-2.3406
-2.4049
-2.4073
-2.17
-2.1708
-2.1761
-2.2865
-2.2196
-2.3856
-2.1718
-2.2125
-2.2613
-2.4294
-2.3432
-2.4136
-2.4257
-2.1815
-2.2606
-2.231
-2.2196
-2.3629
-2.2305
-2.3008
-2.3397
-2.2266
-2.1849
-2.3883
-2.253
-2.3615
-2.43
-2.2079
-2.1964
-2.3838
-2.2071
-2.203
-2.4084
-2.1701
-2.2251
-2.2146
-2.2321
-2.1965
-2.1711
-2.3792
-2.1819
-2.353
-2.1702
-2.4254
-2.172
-2.4159
-2.2553
-2.4146
-2.3779
-2.3245
-2.3847
-2.4125
-2.3247
-2.1926
-2.268
-2.2055
-2.2739
-2.3043
-2.19
-2.2429
-2.1777
-2.1899
-2.405
-2.3031
-2.3422
-2.1702
-2.216
-2.3218
-2.2466
-2.382
-2.4177
-2.2173
-2.3481
-2.2386
-2.3529
-2.1907
-2.396
-2.4154
-2.2406
-2.2669
-2.3547
-2.4231
-2.1846
-2.43
-2.3696
-2.4275
-2.1733
-2.3143
-2.4299
-2.4237
-2.173
-2.2072
-2.4073
-2.348
-2.2432
-2.281
-2.4039
-2.1731
-2.1801
-2.2274
-2.43
-2.4037
-2.4168
-2.4016
-2.3129
-2.1785
-2.3305
-2.205
-2.3302
-2.3748
-2.1859
-2.4288
-2.3904
-2.3868
-2.2816
-2.2314
-2.4287
-2.2684
-2.1932
-2.2131
-2.2421
-2.1818
-2.3613
-2.4064
-2.209
-2.1826
-2.2371
-2.1933
-2.2087
-2.418
-2.3496
-2.1718
-2.3279
-2.1847
-2.4177
-2.2541
-2.3915
-2.4048
-2.1778
-2.1716
-2.3241
-2.3049
-2.262
-2.426
-2.1716
-2.3857
-2.3145
-2.4285
-2.2366
-2.3436
-2.1951
-2.2054
-2.3203
-2.3847
-2.237
-2.4045
-2.1721
-2.3564
-2.1928
-2.4268
-2.3533
-2.2608
-2.4005
-2.3281
-2.2977
-2.26
-2.425
-2.3801
-2.3174
-2.1761
-2.2045
-2.1756
-2.2846
-2.2237
-2.4245
-2.28
-2.2898
-2.317
-2.3716
-2.3829
-2.2469
-2.363
-2.4258
-2.1708
-2.3156
-2.4289
-2.2095
-2.3367
-2.2464
-2.2004
-2.2043
-2.3384
-2.2317
-2.422
-2.236
-2.178
-2.4169
-2.1725
-2.4212
-2.3358
-2.3492
-2.2686
-2.308
-2.221
-2.197
-2.4131
-2.4241
-2.2874
-2.4245
-2.1788
-2.3235
-2.2635
-2.2833
-2.417
-2.4091
-2.2891
-2.4111
-2.4271
-2.1701
-2.2901
-2.2454
-2.1857
-2.3727
-2.2577
-2.2302
-2.3462
-2.4299
-2.4079
-2.1717
-2.3295
-2.206
-2.3267
-2.2362
-2.2603
-2.426
-2.4021
-2.1738
-2.2073
-2.4063
-2.1787
-2.2684
-2.4279
-2.1718
-2.3719
-2.43
-2.3756
-2.199
-2.2331
-2.2455
-2.3149
-2.4286
-2.2348
-2.2372
-2.3564
-2.1785
-2.3331
-2.3902
-2.288
-2.3289
-2.3953
-2.2245
-2.17
-2.307
-2.1759
-2.4299
-2.2047
-2.1747
-2.412
-2.3555
-2.4127
-2.3078
-2.3041
-2.3717
-2.1859
-2.2137
-2.2951
-2.3449
-2.3444
-2.1701
-2.4295
-2.2791
-2.2684
-2.2069
-2.4299
-2.4207
-2.2283
-2.3874
-2.4066
-2.3285
-2.3671
-2.187
-2.3258
-2.32
-2.429
-2.3004
-2.1779
-2.1886
-2.4145
-2.2486
-2.1901
-2.1716
-2.425
-2.3078
-2.2094
-2.2812
-2.3222
-2.2607
-2.184
-2.2831
-2.1881
-2.4009
-2.4277
-2.2532
-2.2731
-2.1822
-2.2221
-2.1954
-2.1704
-2.2888
-2.2916
-2.3751
-2.2947
-2.17
-2.248
-2.3032
-2.4192
-2.3718
-2.199
-2.287
-2.3773
-2.1712
-2.2755
-2.2533
-2.421
-2.4203
-2.4153
-2.1729
-2.1713
-2.4177
-2.1783
-2.402
-2.1805
-2.4056
-2.1715
-2.3642
-2.2754
-2.2235
-2.1827
-2.3476
-2.2347
-2.1744
-2.4277
-2.3012
-2.3828
-2.2601
-2.43
-2.4216
-2.4164
-2.3265
-2.3639
-2.319
-2.4298
-2.4117
-2.3241
-2.43
-2.1889
-2.2558
-2.4056
-2.1906
-2.3798
-2.1789
-2.219
-2.4232
-2.2675
-2.3918
-2.3449
-2.3736
-2.4296
-2.388
-2.4234
-2.34
-2.2471
-2.4196
-2.2967
-2.3944
-2.2567
-2.3229
-2.1997
-2.3265
-2.3893
-2.4047
-2.1703
-2.1796
-2.3955
-2.4039
-2.4221
-2.4171
-2.1874
-2.4273
-2.2091
-2.4299
-2.4048
-2.1918
-2.1711
-2.2591
-2.3403
-2.1766
-2.191
-2.4266
-2.3995
-2.3454
-2.1729
-2.2261
-2.4035
-2.1707
-2.1801
-2.3844
-2.4243
-2.343
-2.1987
-2.2326
-2.1705
-2.4257
-2.1886
-2.2533
-2.2636
-2.3012
-2.3164
-2.2944
-2.4272
-2.2877
-2.3086
-2.4285
-2.1716
-2.2926
-2.4288
-2.278
-2.3154
-2.2563
-2.1703
-2.3624
-2.2327
-2.3886
-2.2865
-2.1771
-2.384
-2.4281
-2.1702
-2.3989
-2.2247
-2.2012
-2.3794
-2.1705
-2.4269
-2.2161
-2.336
-2.1957
-2.2186
-2.3992
-2.262
-2.1758
-2.3592
-2.3533
-2.1761
-2.1777
-2.1892
-2.1829
-2.3861
-2.2558
-2.1759
-2.2769
-2.1785
-2.4011
-2.2702
-2.4122
-2.3596
-2.4123
-2.43
-2.2172
-2.1701
-2.4216
-2.1706
-2.3791
-2.371
-2.354
-2.3495
-2.2211
-2.1807
-2.2779
-2.1708
-2.343
-2.2761
-2.4247
-2.4297
-2.4139
-2.212
-2.1881
-2.2643
-2.2729
-2.4289
-2.3013
-2.3631
-2.2494
-2.3183
-2.229
-2.4024
-2.2131
-2.329
-2.2536
-2.4253
-2.3142
-2.357
-2.1976
-2.4071
-2.2246
-2.426
-2.3101
-2.2767
-2.2333
-2.1894
-2.3865
-2.3005
-2.3896
-2.1922
-2.1803
-2.368
-2.3325
-2.4291
-2.3286
-2.3562
-2.418
-2.346
-2.1926
-2.4285
-2.3626
-2.3493
-2.3008
-2.2122
-2.4247
-2.3099
-2.3908
-2.1775
-2.3086
-2.4238
-2.3415
-2.3801
-2.2042
-2.3639
-2.3969
-2.4235
-2.4297
-2.3732
-2.1872
-2.3614
-2.3662
-2.3512
-2.3594
-2.3588
-2.3979
-2.2439
-2.256
-2.2411
-2.4167
-2.1806
-2.1819
-2.1941
-2.3164
-2.2778
-2.4197
-2.1731
-2.1969
-2.3061
-2.3029
-2.3543
-2.2123
-2.2218
-2.4099
-2.3008
-2.3433
-2.3058
-2.4283
-2.1704
-2.3828
-2.4005
-2.2901
-2.3953
-2.4139
-2.2742
-2.1901
-2.2976
-2.2073
-2.1983
-2.1729
-2.4051
-2.1927
-2.2382
-2.1969
-2.1994
-2.2309
-2.4026
-2.41
-2.2638
-2.2593
-2.176
-2.2757
-2.3591
-2.4299
-2.215
-2.1713
-2.3612
-2.1739
-2.3802
-2.3812
-2.3127
-2.2848
-2.1835
-2.3789
-2.3577
-2.3914
-2.4282
-2.3605
-2.4082
-2.363
-2.3441
-2.2676
-2.2038
-2.2171
-2.1793
-2.3908
-2.1995
-2.3495
-2.1843
-2.4087
-2.429
-2.384
-2.4005
-2.4137
-2.4288
-2.325
-2.2362
-2.3467
-2.4274
-2.3843
-2.3931
-2.4289
-2.286
-2.3185
-2.4162
-2.1958
-2.1723
-2.216
-2.4005
-2.2662
-2.3811
-2.2513
-2.4082
-2.3165
-2.1715
-2.4213
-2.2144
-2.324
-2.4299
-2.3973
-2.4229
-2.2511
-2.1796
-2.1724
-2.3955
-2.2088
-2.2884
-2.2032
-2.1709
-2.2191
-2.4076
-2.2245
-2.2047
-2.2893
-2.2357
-2.43
-2.4009
-2.1819
-2.2562
-2.2845
-2.3708
-2.1707
-2.4002
-2.4291
-2.4098
-2.3454
-2.2193
-2.3049
-2.4275
-2.2814
-2.4261
-2.3159
-2.3864
-2.1918
-2.2888
-2.2832
-2.3928
-2.3196
-2.1796
-2.4075
-2.1833
-2.3994
-2.3261
-2.2392
-2.4247
-2.2706
-2.3972
-2.1769
-2.3729
-2.1812
-2.1881
-2.3496
-2.3804
-2.2781
-2.43
-2.2538
-2.3883
-2.2793
-2.3117
-2.295
-2.2289
-2.262
-2.2293
-2.2721
-2.1939
-2.1917
-2.1749
-2.3425
-2.2195
-2.4299
-2.4282
-2.4148
-2.1705
-2.3519
-2.4154
-2.3792
-2.2478
-2.1903
-2.2857
-2.1894
-2.3432
-2.3982
-2.4005
-2.171
-2.357
-2.2682
-2.2836
-2.1978
-2.4098
-2.3656
-2.4266
-2.3561
-2.1892
-2.4268
-2.4299
-2.4286
-2.1786
-2.4221
-2.1935
-2.4185
-2.2042
-2.2764
-2.4103
-2.3196
-2.2906
-2.2167
-2.3586
-2.4272
-2.3423
-2.2809
-2.2085
-2.2208
-2.4047
-2.3035
-2.2479
-2.1824
-2.413
-2.1737
-2.4049
-2.4263
-2.251
-2.3515
-2.1943
-2.2007
-2.43
-2.2078
-2.2286
-2.203
-2.1923
-2.2122
-2.4186
-2.2886
-2.175
-2.4069
-2.3787
-2.1715
-2.1757
-2.2262
-2.3539
-2.2003
-2.4113
-2.3955
-2.3755
-2.2025
-2.3128
-2.4091
-2.3666
-2.1801
-2.408
-2.196
-2.3396
-2.2701
-2.2679
-2.2657
-2.2336
-2.3595
-2.1957
-2.2208
-2.1726
-2.4271
-2.2863
-2.2915
-2.2393
-2.4194
-2.2857
-2.2975
-2.3926
-2.3542
-2.4196
-2.2526
-2.1833
-2.1949
-2.3839
-2.1775
-2.3366
-2.3673
-2.2122
-2.3274
-2.2695
-2.2985
-2.1877
-2.3547
-2.3567
-2.3708
-2.3644
-2.2543
-2.1778
-2.2621
-2.1714
-2.3322
-2.2234
-2.4209
-2.1882
-2.2779
-2.1795
-2.4115
-2.1778
-2.1741
-2.222
-2.1771
-2.3261
-2.3557
-2.4132
-2.1717
-2.2586
-2.202
-2.1843
-2.1706
-2.246
-2.1762
-2.3865
-2.1799
-2.173
-2.3529
-2.2684
-2.4299
-2.3044
-2.4269
-2.1864
-2.1749
-2.4054
-2.4165
-2.2893
-2.3637
-2.4226
-2.4299
-2.4234
-2.2059
-2.4265
-2.3817
-2.248
-2.4299
-2.2879
-2.4297
-2.1821
-2.4283
-2.1704
-2.2
-2.1899
-2.2349
-2.1929
-2.3189
-2.1732
-2.4298
-2.3951
-2.4273
-2.2849
-2.2371
-2.2177
-2.188
-2.283
-2.1715
-2.1832
-2.4098
-2.283
-2.4029
-2.2759
-2.2779
-2.2746
-2.2305
-2.1708
-2.3866
-2.1702
-2.328
-2.3733
-2.2046
-2.4294
-2.2696
-2.1715
-2.4224
-2.4243
-2.237
-2.1815
-2.2219
-2.3418
-2.2049
-2.2085
-2.2044
-2.4264
-2.4197
-2.3551
-2.2146
-2.2417
-2.2006
-2.3454
-2.2338
-2.3445
-2.3812
-2.2806
-2.1786
-2.3391
-2.3503
-2.1702
-2.4045
-2.3767
-2.1776
-2.3556
-2.3473
-2.2413
-2.1786
-2.1724
-2.3493
-2.4249
-2.349
-2.4289
-2.1724
-2.2347
-2.2203
-2.2391
-2.4249
-2.4203
-2.4189
-2.2622
-2.4012
-2.1911
-2.1769
-2.1953
-2.4168
-2.341
-2.3934
-2.2013
-2.2713
-2.187
-2.2569
-2.3069
-2.2947
-2.1829
-2.359
-2.1899
-2.2204
-2.2501
-2.2181
-2.1839
-2.174
-2.176
-2.331
-2.4272
-2.3105
-2.2172
-2.3211
-2.1734
-2.4288
-2.3482
-2.3973
-2.3979
-2.238
-2.322
-2.1782
-2.2464
-2.2949
-2.3574
-2.3007
-2.3439
-2.1807
-2.3742
-2.4151
-2.4296
-2.3948
-2.2265
-2.2967
-2.2518
-2.2322
-2.1713
-2.4124
-2.3342
-2.3283
-2.1723
-2.3634
-2.1934
-2.2564
-2.3835
-2.4285
-2.2036
-2.1843
-2.1902
-2.1835
-2.4193
-2.2662
-2.4149
-2.3314
-2.3861
-2.1879
-2.4024
-2.329
-2.1762
-2.4047
-2.4298
-2.1966
-2.1957
-2.2984
-2.17
-2.2404
-2.2755
-2.357
-2.1712
-2.3571
-2.171
-2.414
-2.4278
-2.3932
-2.4051
-2.3746
-2.3404
-2.4278
-2.3348
-2.428
-2.17
-2.2234
-2.1901
-2.2341
-2.3569
-2.2275
-2.2034
-2.4298
-2.2573
-2.3605
-2.2144
-2.3076
-2.4252
-2.17
-2.2284
-2.1732
-2.3269
-2.2704
-2.2048
-2.4248
-2.1706
-2.1734
-2.3466
-2.3313
-2.1895
-2.1961
-2.1964
-2.1873
-2.3013
-2.2963
-2.2511
-2.2077
-2.214
-2.1839
-2.2346
-2.1851
-2.2005
-2.3199
-2.3889
-2.4233
-2.4148
-2.2191
-2.4285
-2.3972
-2.2883
-2.173
-2.4261
-2.359
-2.1812
-2.3429
-2.3603
-2.3821
-2.3609
-2.4201
-2.3203
-2.2465
-2.299
-2.3001
-2.2824
-2.2568
-2.3841
-2.4299
-2.4297
-2.2959
-2.2671
-2.3163
-2.3587
-2.2567
-2.3036
-2.2416
-2.3327
-2.323
-2.23
-2.2538
-2.4161
-2.2626
-2.4159
-2.2081
-2.2437
-2.4265
-2.179
-2.1971
-2.3556
-2.4297
-2.3487
-2.2413
-2.3639
-2.3772
-2.1746
-2.1932
-2.3837
-2.2757
-2.1703
-2.3416
-2.3517
-2.1909
-2.2111
-2.3348
-2.2994
-2.4285
-2.1784
-2.2625
-2.4288
-2.4252
-2.1707
-2.1959
-2.1955
-2.4299
-2.4284
-2.3528
-2.3934
-2.2044
-2.3726
-2.232
-2.2001
-2.1819
-2.3091
-2.2466
-2.3172
-2.422
-2.1969
-2.17
-2.1722
-2.3238
-2.171
-2.24
-2.4297
-2.3795
-2.1748
-2.403
-2.2457
-2.1838
-2.241
-2.1799
-2.3803
-2.414
-2.2175
-2.1795
-2.1766
-2.2721
-2.3072
-2.3091
-2.2321
-2.3957
-2.3638
-2.1714
-2.4111
-2.2229
-2.1775
-2.2557
-2.1827
-2.2902
-2.3219
-2.2761
-2.2338
-2.429
-2.19
-2.2521
-2.1723
-2.3593
-2.2075
-2.1946
-2.3637
-2.3949
-2.3499
-2.4284
-2.1871
-2.294
-2.2936
-2.394
-2.2378
-2.4292
-2.3675
-2.2689
-2.43
-2.3986
-2.3385
-2.3997
-2.199
-2.2342
-2.17
-2.1852
-2.2292
-2.4038
-2.2165
-2.3441
-2.1914
-2.4296
-2.2021
-2.2933
-2.3438
-2.2043
-2.4135
-2.2876
-2.3326
-2.4224
-2.2244
-2.1727
-2.1741
-2.4175
-2.4032
-2.284
-2.4237
-2.294
-2.1702
-2.3667
-2.3522
-2.3724
-2.339
-2.2301
-2.3673
-2.4187
-2.2045
-2.1942
-2.216
-2.2123
-2.1886
-2.3357
-2.4202
-2.2697
-2.3172
-2.2735
-2.3841
-2.3597
-2.418
-2.2417
-2.2847
-2.3357
-2.3708
-2.2321
-2.3339
-2.2446
-2.4059
-2.2932
-2.2059
-2.3094
-2.4245
-2.4233
-2.401
-2.4272
-2.2947
-2.4035
-2.1957
-2.1857
-2.3707
-2.173
-2.4106
-2.3959
-2.4007
-2.2104
-2.1891
-2.2968
-2.218
-2.1711
-2.3903
-2.3497
-2.3527
-2.2752
-2.1711
-2.3241
-2.1756
-2.1807
-2.2085
-2.1757
-2.2924
-2.3582
-2.1861
-2.378
-2.2728
-2.3636
-2.3234
-2.2168
-2.3288
-2.2374
-2.171
-2.2402
-2.1914
-2.2823
-2.43
-2.4295
-2.4176
-2.1706
-2.3897
-2.3311
-2.1701
-2.2531
-2.1788
-2.184
-2.1805
-2.2739
-2.2071
-2.172
-2.3393
-2.2054
-2.1856
-2.2874
-2.4297
-2.4289
-2.4136
-2.2356
-2.4242
-2.4292
-2.3006
-2.3425
-2.1828
-2.3985
-2.2691
-2.4117
-2.1996
-2.17
-2.17
-2.2072
-2.4037
-2.1701
-2.3066
-2.3146
-2.314
-2.2858
-2.2244
-2.3875
-2.1788
-2.3308
-2.3173
-2.3936
-2.2454
-2.4153
-2.1776
-2.4028
-2.318
-2.2017
-2.3911
-2.174
-2.3045
-2.3225
-2.4005
-2.1819
-2.2893
-2.2652
-2.2034
-2.2653
-2.3508
-2.4172
-2.4165
-2.2006
-2.4197
-2.4183
-2.3851
-2.4112
-2.1806
-2.2709
-2.1942
-2.4241
-2.2743
-2.426
-2.184
-2.2225
-2.2017
-2.3861
-2.4299
-2.4283
-2.2213
-2.4147
-2.2143
-2.1827
-2.1908
-2.4213
-2.3363
-2.415
-2.2059
-2.3461
-2.2094
-2.388
-2.244
-2.4299
-2.1748
-2.421
-2.3712
-2.4042
-2.41
-2.2056
-2.1716
-2.3708
-2.3688
-2.2204
-2.1738
-2.4174
-2.3161
-2.4294
-2.3168
-2.1764
-2.3584
-2.1869
-2.2106
-2.3191
-2.2296
-2.3992
-2.3565
-2.4299
-2.3851
-2.4265
-2.3763
-2.2023
-2.337
-2.2954
-2.4296
-2.4158
-2.3833
-2.2001
-2.231
-2.3144
-2.4094
-2.1869
-2.2243
-2.3755
-2.1811
-2.4083
-2.3804
-2.1719
-2.365
-2.2274
-2.3056
-2.1736
-2.4289
-2.3559
-2.4297
-2.3953
-2.3181
-2.1731
-2.4238
-2.2693
-2.3862
-2.2818
-2.3621
-2.1821
-2.1787
-2.1808
-2.2305
-2.2393
-2.2894
-2.2193
-2.2821
-2.3808
-2.32
-2.2334
-2.3578
-2.2791
-2.4028
-2.2056
-2.334
-2.3838
-2.3161
-2.2678
-2.2209
-2.3771
-2.1724
-2.2154
-2.4145
-2.4041
-2.3233
-2.4241
-2.4094
-2.3781
-2.2753
-2.1838
-2.2444
-2.3094
-2.3335
-2.2403
-2.4123
-2.1797
-2.4204
-2.3219
-2.1747
-2.2549
-2.1991
-2.1855
-2.4079
-2.4299
-2.3238
-2.4223
-2.2824
-2.3797
-2.425
-2.2277
-2.1711
-2.4029
-2.4199
-2.2855
-2.3103
-2.295
-2.3591
-2.4147
-2.4015
-2.2262
-2.1786
-2.1842
-2.3923
-2.2625
-2.1999
-2.2519
-2.1862
-2.2447
-2.2612
-2.2163
-2.2466
-2.1709
-2.3349
-2.2137
-2.2397
-2.1899
-2.1701
-2.2743
-2.268
-2.2301
-2.4116
-2.4293
-2.3996
-2.4073
-2.3598
-2.3429
-2.17
-2.2924
-2.1917
-2.1729
-2.3664
-2.3925
-2.3257
-2.1751
-2.1744
-2.3735
-2.2697
-2.4277
-2.2264
-2.1969
-2.3792
-2.4101
-2.2218
-2.17
-2.43
-2.1908
-2.4294
-2.3332
-2.2859
-2.3833
-2.2933
-2.1793
-2.1907
-2.4033
-2.297
-2.178
-2.3782
-2.2331
-2.2101
-2.3153
-2.332
-2.1841
-2.4161
-2.3168
-2.3754
-2.4289
-2.1727
-2.43
-2.1874
-2.3735
-2.2668
-2.4117
-2.2394
-2.3999
-2.3124
-2.2176
-2.4191
-2.1718
-2.4159
-2.1743
-2.3305
-2.1846
-2.1888
-2.3383
-2.1701
-2.1897
-2.1703
-2.1836
-2.3081
-2.1772
-2.3651
-2.1959
-2.1704
-2.3859
-2.3875
-2.3259
-2.2547
-2.378
-2.305
-2.1884
-2.2887
-2.2528
-2.3921
-2.428
-2.2527
-2.4299
-2.4283
-2.3946
-2.355
-2.4088
-2.3904
-2.1775
-2.3035
-2.3541
-2.4186
-2.1709
-2.3316
-2.413
-2.3476
-2.2477
-2.3385
-2.3625
-2.4229
-2.4223
-2.2711
-2.4228
-2.1751
-2.3394
-2.225
-2.4116
-2.4187
-2.1723
-2.3786
-2.2019
-2.382
-2.4097
-2.3312
-2.2223
-2.1706
-2.2501
-2.3505
-2.1856
-2.2361
-2.2594
-2.4251
-2.2555
-2.3694
-2.3284
-2.2085
-2.2005
-2.1739
-2.1733
-2.2607
-2.1747
-2.3457
-2.4248
-2.1703
-2.2787
-2.2394
-2.2337
-2.1841
-2.276
-2.2672
-2.3818
-2.4219
-2.2878
-2.3665
-2.423
-2.2936
-2.4191
-2.4117
-2.3793
-2.3698
-2.331
-2.4192
-2.3695
-2.4066
-2.4172
-2.3477
-2.1701
-2.1701
-2.319
-2.1728
-2.4177
-2.1761
-2.3096
-2.2069
-2.3796
-2.2453
-2.3573
-2.4199
-2.1735
-2.4156
-2.3301
-2.1775
-2.2916
-2.1788
-2.3003
-2.1716
-2.4297
-2.4211
-2.2607
-2.4217
-2.1867
-2.3782
-2.209
-2.2901
-2.3446
-2.1717
-2.417
-2.2968
-2.1706
-2.2878
-2.1825
-2.4277
-2.3104
-2.1813
-2.2776
-2.2307
-2.3905
-2.4287
-2.3832
-2.2109
-2.422
-2.2959
-2.2796
-2.4225
-2.3745
-2.4296
-2.3957
-2.4143
-2.3317
-2.4278
-2.1783
-2.2141
-2.4054
-2.2084
-2.3014
-2.409
-2.2462
-2.3755
-2.4068
-2.4031
-2.4279
-2.3483
-2.1851
-2.2613
-2.2427
-2.3853
-2.1705
-2.2817
-2.1828
-2.3067
-2.2466
-2.399
-2.403
-2.3665
-2.4275
-2.3854
-2.246
-2.38
-2.4193
-2.1702
-2.4295
-2.2702
-2.1724
-2.1702
-2.2634
-2.3301
-2.2312
-2.2227
-2.199
-2.2535
-2.273
-2.2545
-2.1943
-2.4103
-2.1815
-2.305
-2.3176
-2.2796
-2.4036
-2.1744
-2.3319
-2.423
-2.173
-2.2727
-2.2638
-2.176
-2.1847
-2.1908
-2.319
-2.2446
-2.4166
-2.228
-2.4123
-2.19
-2.1809
-2.4213
-2.2881
-2.1811
-2.4108
-2.341
-2.4078
-2.2714
-2.403
-2.4297
-2.3135
-2.2073
-2.3705
-2.4274
-2.1747
-2.2433
-2.1901
-2.4287
-2.1821
-2.2187
-2.3988
-2.4259
-2.2016
-2.207
-2.1879
-2.2623
-2.1854
-2.3066
-2.3073
-2.3294
-2.4216
-2.2307
-2.4258
-2.2958
-2.3679
-2.3252
-2.3277
-2.1805
-2.3445
-2.2
-2.4229
-2.3975
-2.4008
-2.4289
-2.2434
-2.419
-2.4276
-2.2573
-2.43
-2.3182
-2.1788
-2.1978
-2.1872
-2.3868
-2.3753
-2.171
-2.284
-2.4236
-2.3095
-2.1984
-2.2372
-2.3804
-2.43
-2.1763
-2.175
-2.3884
-2.3902
-2.1701
-2.4113
-2.2269
-2.3843
-2.219
-2.1741
-2.3819
-2.1841
-2.3688
-2.2442
-2.2109
-2.3971
-2.4145
-2.2776
-2.1976
-2.4104
-2.1893
-2.4294
-2.402
-2.4083
-2.3358
-2.1917
-2.1752
-2.2336
-2.2668
-2.3666
-2.3222
-2.327
-2.4253
-2.2353
-2.17
-2.4034
-2.17
-2.1765
-2.3587
-2.2523
-2.3059
-2.2862
-2.4285
-2.325
-2.4237
-2.4184
-2.4003
-2.2616
-2.1729
-2.1743
-2.2394
-2.2193
-2.1934
-2.1757
-2.1982
-2.1716
-2.2231
-2.3906
-2.3423
-2.2443
-2.1702
-2.3707
-2.2876
-2.2112
-2.428
-2.42
-2.1978
-2.2322
-2.3964
-2.4297
-2.411
-2.43
-2.2053
-2.3899
-2.1817
-2.355
-2.289
-2.4297
-2.358
-2.4133
-2.4298
-2.3693
-2.3035
-2.2619
-2.3023
-2.2619
-2.1938
-2.2195
-2.1718
-2.1865
-2.3888
-2.3479
-2.4257
-2.2481
-2.2139
-2.3715
-2.181
-2.4234
-2.2712
-2.1836
-2.4255
-2.1799
-2.3138
-2.4269
-2.4059
-2.3791
-2.2927
-2.3934
-2.1785
-2.2308
-2.3524
-2.2191
-2.2381
-2.4001
-2.3954
-2.2824
-2.1805
-2.1853
-2.4287
-2.3119
-2.3501
-2.2219
-2.1737
-2.4274
-2.2335
-2.3224
-2.2356
-2.418
-2.429
-2.2036
-2.201
-2.1845
-2.3773
-2.3492
-2.2616
-2.4097
-2.4295
-2.17
-2.2971
-2.3749
-2.2881
-2.2001
-2.4261
-2.1781
-2.1881
-2.1709
-2.362
-2.4002
-2.4226
-2.3799
-2.3191
-2.1709
-2.2384
-2.1947
-2.4183
-2.1902
-2.4222
-2.2106
-2.2609
-2.3173
-2.4281
-2.3761
-2.2084
-2.3331
-2.3999
-2.3436
-2.2955
-2.3235
-2.1743
-2.4263
-2.3071
-2.3698
-2.2641
-2.1784
-2.2769
-2.2367
-2.3545
-2.4124
-2.4298
-2.4095
-2.2132
-2.2233
-2.3013
-2.359
-2.1927
-2.2229
-2.2321
-2.1726
-2.1706
-2.2007
-2.37
-2.2376
-2.2918
-2.3195
-2.1798
-2.1803
-2.3364
-2.43
-2.4065
-2.347
-2.3118
-2.1734
-2.4138
-2.3758
-2.1728
-2.1819
-2.1961
-2.1716
-2.3265
-2.1701
-2.4222
-2.2504
-2.3011
-2.3127
-2.1986
-2.312
-2.2502
-2.2046
-2.2549
-2.2958
-2.2047
-2.3436
-2.3437
-2.4288
-2.292
-2.3327
-2.4289
-2.1772
-2.358
-2.3059
-2.4265
-2.3052
-2.4291
-2.4143
-2.381
-2.4274
-2.3393
-2.4282
-2.43
-2.1703
-2.4235
-2.1743
-2.1849
-2.4245
-2.2155
-2.2829
-2.4223
-2.4264
-2.4054
-2.2333
-2.3149
-2.3955
-2.3644
-2.4101
-2.3043
-2.4252
-2.3767
-2.2123
-2.171
-2.2645
-2.1998
-2.2713
-2.1936
-2.2417
-2.1792
-2.3337
-2.3895
-2.3941
-2.3031
-2.3057
-2.1883
-2.3119
-2.1776
-2.2674
-2.1712
-2.2335
-2.4217
-2.3779
-2.2946
-2.4207
-2.4259
-2.4284
-2.4258
-2.4299
-2.2904
-2.3782
-2.388
-2.4294
-2.4055
-2.1705
-2.1939
-2.2451
-2.2144
-2.2455
-2.4209
-2.43
-2.2704
-2.4153
-2.4283
-2.1822
-2.2738
-2.4154
-2.1859
-2.4299
-2.2218
-2.3963
-2.3329
-2.3068
-2.2422
-2.1798
-2.4299
-2.3794
-2.3498
-2.2123
-2.1775
-2.2906
-2.2724
-2.4288
-2.3513
-2.2255
-2.2246
-2.3293
-2.1897
-2.43
-2.2928
-2.2503
-2.3099
-2.4217
-2.4256
-2.4245
-2.2605
-2.4073
-2.2217
-2.4
-2.2554
-2.4265
-2.3882
-2.4236
-2.2607
-2.4116
-2.2608
-2.4242
-2.3319
-2.3194
-2.43
-2.2083
-2.4213
-2.2639
-2.2284
-2.2774
-2.3249
-2.401
-2.218
-2.1952
-2.2607
-2.3797
-2.4065
-2.211
-2.2237
-2.2202
-2.1707
-2.2738
-2.3408
-2.3894
-2.2304
-2.408
-2.2069
-2.4128
-2.2077
-2.2432
-2.3508
-2.214
-2.3924
-2.2301
-2.4286
-2.2311
-2.1911
-2.4129
-2.3978
-2.2286
-2.2165
-2.4103
-2.3663
-2.3107
-2.312
-2.4272
-2.1819
-2.1812
-2.1721
-2.3556
-2.2968
-2.305
-2.1738
-2.1712
-2.4168
-2.3749
-2.1764
-2.4246
-2.1885
-2.3275
-2.326
-2.3352
-2.1903
-2.1756
-2.2501
-2.3247
-2.4282
-2.2006
-2.232
-2.1737
-2.4235
-2.211
-2.3847
-2.1702
-2.1824
-2.2721
-2.3575
-2.1845
-2.1882
-2.1775
-2.3424
-2.4287
-2.2877
-2.4249
-2.3358
-2.2874
-2.3346
-2.4256
-2.376
-2.1749
-2.1702
-2.1711
-2.4159
-2.4268
-2.2124
-2.1933
-2.4145
-2.4219
-2.275
-2.2061
-2.2037
-2.171
-2.4067
-2.2932
-2.3932
-2.1733
-2.2806
-2.4172
-2.429
-2.2197
-2.2221
-2.3666
-2.4233
-2.1795
-2.1801
-2.4209
-2.364
-2.1963
-2.3536
-2.3621
-2.427
-2.1739
-2.3409
-2.1809
-2.3308
-2.358
-2.3895
-2.3605
-2.2269
-2.334
-2.3807
-2.1737
-2.3344
-2.358
-2.4148
-2.1778
-2.2046
-2.4299
-2.3696
-2.3292
-2.2143
-2.4091
-2.1908
-2.3846
-2.3633
-2.2852
-2.1835
-2.1967
-2.2308
-2.3383
-2.2938
-2.2842
-2.2401
-2.181
-2.2729
-2.4265
-2.1786
-2.2468
-2.405
-2.3247
-2.2047
-2.3532
-2.1965
-2.3938
-2.2051
-2.2353
-2.2216
-2.4286
-2.2027
-2.3798
-2.2604
-2.3995
-2.3692
-2.327
-2.1701
-2.3552
-2.2295
-2.3649
-2.2261
-2.4121
-2.4245
-2.1911
-2.1734
-2.1729
-2.203
-2.1775
-2.17
-2.2526
-2.1952
-2.2038
-2.3609
-2.3991
-2.4215
-2.3184
-2.4291
-2.3607
-2.211
-2.2861
-2.3925
-2.4019
-2.1862
-2.1795
-2.4244
-2.3365
-2.2884
-2.2237
-2.3916
-2.1835
-2.1745
-2.1992
-2.2398
-2.1751
-2.1719
-2.1948
-2.4286
-2.2427
-2.1828
-2.3058
-2.241
-2.3926
-2.1732
-2.3987
-2.353
-2.1712
-2.2841
-2.2129
-2.1707
-2.2004
-2.3895
-2.4116
-2.4274
-2.2437
-2.1714
-2.2682
-2.2851
-2.1908
-2.4124
-2.2995
-2.1703
-2.2223
-2.1792
-2.2187
-2.1776
-2.4168
-2.409
-2.3223
-2.4299
-2.4248
-2.1709
-2.2847
-2.4297
-2.1793
-2.2222
-2.3361
-2.3815
-2.4242
-2.4084
-2.211
-2.334
-2.3961
-2.4197
-2.3602
-2.2729
-2.3789
-2.4136
-2.4297
-2.172
-2.2669
-2.3576
-2.3268
-2.3171
-2.4291
-2.3812
-2.4187
-2.4255
-2.3854
-2.3136
-2.2808
-2.3474
-2.2818
-2.4162
-2.1703
-2.2927
-2.1815
-2.1825
-2.3796
-2.3313
-2.3753
-2.1704
-2.3239
-2.2391
-2.2971
-2.247
-2.4199
-2.4296
-2.3189
-2.2826
-2.215
-2.2503
-2.1788
-2.3857
-2.3575
-2.2456
-2.4163
-2.3903
-2.4068
-2.3048
-2.4171
-2.2824
-2.4282
-2.2146
-2.4295
-2.2587
-2.3863
-2.2225
-2.179
-2.4293
-2.1741
-2.2225
-2.3519
-2.1704
-2.4145
-2.1733
-2.428
-2.4228
-2.2677
-2.339
-2.199
-2.187
-2.3926
-2.2027
-2.2427
-2.3174
-2.3247
-2.4287
-2.34
-2.1711
-2.2641
-2.2164
-2.2478
-2.2941
-2.2276
-2.2765
-2.2054
-2.3686
-2.3192
-2.1705
-2.1813
-2.2675
-2.1709
-2.4034
-2.3779
-2.4299
-2.4262
-2.1902
-2.3926
-2.4115
-2.3224
-2.2192
-2.2502
-2.425
-2.3557
-2.2327
-2.2643
-2.2803
-2.4188
-2.387
-2.3432
-2.417
-2.4199
-2.1987
-2.1704
-2.2068
-2.3933
-2.1728
-2.1715
-2.3863
-2.1761
-2.3903
-2.1701
-2.3675
-2.315
-2.3837
-2.1998
-2.4214
-2.4292
-2.1764
-2.1954
-2.4105
-2.2619
-2.3036
-2.4123
-2.4166
-2.3238
-2.1706
-2.3094
-2.3084
-2.3927
-2.1853
-2.2118
-2.3995
-2.2538
-2.1795
-2.1789
-2.4295
-2.4162
-2.1841
-2.2599
-2.4159
-2.1705
-2.3126
-2.3392
-2.1917
-2.2885
-2.3505
-2.1862
-2.4298
-2.4209
-2.2609
-2.2551
-2.1848
-2.3139
-2.212
-2.4135
-2.2417
-2.2865
-2.406
-2.3507
-2.1701
-2.1864
-2.3133
-2.2315
-2.2373
-2.227
-2.2213
-2.4021
-2.1932
-2.2007
-2.3615
-2.2724
-2.2376
-2.4143
-2.1944
-2.2075
-2.3779
-2.3575
-2.4293
-2.3809
-2.1716
-2.3374
-2.4038
-2.1739
-2.17
-2.4273
-2.3976
-2.2569
-2.3885
-2.3136
-2.4221
-2.2039
-2.394
-2.3188
-2.4296
-2.175
-2.1952
-2.3826
-2.2309
-2.322
-2.2985
-2.1897
-2.4272
-2.2038
-2.4129
-2.2712
-2.1809
-2.2474
-2.3573
-2.4234
-2.3222
-2.4297
-2.1701
-2.3828
-2.2941
-2.1833
-2.2459
-2.2446
-2.3618
-2.1923
-2.3752
-2.4201
-2.3477
-2.4299
-2.4291
-2.4281
-2.3933
-2.3621
-2.4112
-2.1877
-2.1975
-2.4286
-2.3263
-2.1704
-2.4293
-2.1774
-2.4288
-2.3448
-2.4018
-2.368
-2.4242
-2.2031
-2.4108
-2.2451
-2.2127
-2.4214
-2.3796
-2.4223
-2.3004
-2.3198
-2.4285
-2.3748
-2.2583
-2.1716
-2.4185
-2.3778
-2.3917
-2.3053
-2.3296
-2.2256
-2.1798
-2.3039
-2.1929
-2.372
-2.2944
-2.4242
-2.1701
-2.2126
-2.1702
-2.3953
-2.2764
-2.3185
-2.3953
-2.1938
-2.3256
-2.3252
-2.3011
-2.1705
-2.234
-2.3518
-2.4172
-2.2213
-2.2308
-2.1708
-2.1853
-2.3737
-2.4276
-2.2123
-2.3775
-2.3303
-2.2576
-2.4288
-2.2106
-2.4161
-2.1806
-2.1771
-2.4235
-2.4271
-2.4204
-2.2045
-2.1764
-2.365
-2.17
-2.1739
-2.2963
-2.3904
-2.4231
-2.1917
-2.2616
-2.4239
-2.4108
-2.2054
-2.1916
-2.1738
-2.215
-2.1728
-2.1774
-2.1821
-2.2662
-2.2722
-2.3441
-2.2436
-2.385
-2.3812
-2.3855
-2.43
-2.4082
-2.2738
-2.2446
-2.2903
-2.2367
-2.2316
-2.1798
-2.3546
-2.1716
-2.3372
-2.2546
-2.3655
-2.17
-2.4295
-2.3327
-2.2224
-2.4288
-2.4249
-2.1786
-2.4126
-2.4021
-2.3102
-2.231
-2.4146
-2.173
-2.4091
-2.2865
-2.3994
-2.2964
-2.3372
-2.3073
-2.3807
-2.2659
-2.1707
-2.1794
-2.174
-2.2708
-2.383
-2.4025
-2.4279
-2.3632
-2.4007
-2.4298
-2.2545
-2.2624
-2.3631
-2.3006
-2.1972
-2.1747
-2.2534
-2.4196
-2.1914
-2.3839
-2.43
-2.1713
-2.4234
-2.3394
-2.3234
-2.192
-2.3999
-2.2966
-2.3725
-2.2821
-2.4261
-2.1829
-2.2355
-2.2324
-2.1853
-2.384
-2.1979
-2.2118
-2.4278
-2.2094
-2.4278
-2.3886
-2.3178
-2.3696
-2.2853
-2.3417
-2.3474
-2.1704
-2.2072
-2.3368
-2.1845
-2.2626
-2.4203
-2.1958
-2.215
-2.1992
-2.2595
-2.3176
-2.2759
-2.4071
-2.1986
-2.1765
-2.2236
-2.1739
-2.3068
-2.33
-2.2978
-2.2074
-2.2516
-2.2554
-2.3458
-2.4224
-2.3556
-2.3155
-2.3031
-2.4106
-2.2821
-2.1702
-2.2186
-2.1758
-2.4299
-2.405
-2.2083
-2.3644
-2.384
-2.2192
-2.3566
-2.1703
-2.2496
-2.3952
-2.1889
-2.2352
-2.1792
-2.1732
-2.3582
-2.2356
-2.1759
-2.4263
-2.3608
-2.1994
-2.4167
-2.2761
-2.2505
-2.2081
-2.4081
-2.4271
-2.1856
-2.3484
-2.1737
-2.1967
-2.1725
-2.1835
-2.4163
-2.2627
-2.3941
-2.1709
-2.1847
-2.3883
-2.2088
-2.3025
-2.3204
-2.3329
-2.4049
-2.1861
-2.3707
-2.2321
-2.4298
-2.1774
-2.4291
-2.3509
-2.1712
-2.1986
-2.421
-2.4029
-2.43
-2.1713
-2.2697
-2.4244
-2.3701
-2.3658
-2.1704
-2.3646
-2.214
-2.2726
-2.4165
-2.2322
-2.2812
-2.3693
-2.2732
-2.3292
-2.2292
-2.3857
-2.2048
-2.174
-2.279
-2.1864
-2.3979
-2.1775
-2.1702
-2.3006
-2.4294
-2.4297
-2.1989
-2.3121
-2.3669
-2.2818
-2.4282
-2.43
-2.3693
-2.4188
-2.381
-2.3969
-2.4281
-2.2672
-2.2746
-2.2591
-2.2197
-2.3899
-2.2051
-2.3274
-2.3918
-2.2037
-2.3116
-2.2756
-2.4161
-2.4276
-2.2144
-2.4259
-2.3699
-2.2841
-2.2291
-2.4287
-2.3328
-2.3164
-2.4163
-2.4175
-2.4297
-2.1722
-2.417
-2.1725
-2.3691
-2.3505
-2.1899
-2.1838
-2.333
-2.4076
-2.3254
-2.4209
-2.279
-2.3372
-2.2649
-2.2091
-2.414
-2.18
-2.175
-2.4298
-2.2744
-2.266
-2.3659
-2.2278
-2.274
-2.232
-2.2968
-2.4097
-2.1931
-2.2497
-2.204
-2.1947
-2.1747
-2.3731
-2.1918
-2.4253
-2.2545
-2.2161
-2.3865
-2.2441
-2.2726
-2.4274
-2.173
-2.17
-2.4286
-2.356
-2.294
-2.3803
-2.261
-2.3644
-2.2159
-2.2709
-2.1743
-2.4296
-2.3424
-2.1701
-2.4299
-2.2572
-2.1741
-2.3031
-2.1702
-2.41
-2.1998
-2.4229
-2.2229
-2.4276
-2.4256
-2.3617
-2.1961
-2.2709
-2.1906
-2.1769
-2.1796
-2.3971
-2.3048
-2.4109
-2.3532
-2.2575
-2.2292
-2.3978
-2.1762
-2.1725
-2.2464
-2.1719
-2.3133
-2.2903
-2.3711
-2.4057
-2.2312
-2.288
-2.2548
-2.1701
-2.2236
-2.17
-2.3216
-2.1703
-2.2985
-2.1859
-2.4176
-2.2641
-2.1743
-2.4088
-2.1905
-2.387
-2.1738
-2.2387
-2.2197
-2.234
-2.3934
-2.2466
-2.217
-2.1714
-2.1865
-2.1819
-2.256
-2.3952
-2.2339
-2.3529
-2.3395
-2.334
-2.2023
-2.4074
-2.2494
-2.3323
-2.419
-2.4163
-2.4285
-2.3856
-2.2543
-2.2407
-2.1701
-2.17
-2.2577
-2.2971
-2.43
-2.1799
-2.3749
-2.3022
-2.2989
-2.2508
-2.2162
-2.4075
-2.2433
-2.3479
-2.222
-2.4096
-2.4144
-2.4232
-2.3792
-2.2896
-2.1868
-2.4297
-2.4017
-2.1769
-2.1708
-2.4297
-2.1995
-2.304
-2.3529
-2.4147
-2.43
-2.2987
-2.4256
-2.2512
-2.2802
-2.4255
-2.2754
-2.4199
-2.4271
-2.2419
-2.303
-2.2613
-2.3998
-2.2935
-2.2142
-2.2248
-2.3112
-2.3479
-2.2557
-2.4143
-2.4205
-2.1853
-2.3226
-2.3798
-2.1812
-2.1801
-2.4263
-2.2826
-2.4245
-2.305
-2.3871
-2.4289
-2.1816
-2.2953
-2.3057
-2.17
-2.2233
-2.1875
-2.1705
-2.1799
-2.2443
-2.4228
-2.4277
-2.1856
-2.3992
-2.1741
-2.3997
-2.1746
-2.3231
-2.2377
-2.1909
-2.43
-2.2453
-2.2881
-2.4095
-2.2721
-2.4075
-2.3376
-2.2029
-2.3991
-2.357
-2.3346
-2.1719
-2.3424
-2.1703
-2.3297
-2.1709
-2.3823
-2.2984
-2.1819
-2.2348
-2.4222
-2.3752
-2.174
-2.1896
-2.1937
-2.1912
-2.3798
-2.3831
-2.2142
-2.3857
-2.17
-2.1716
-2.237
-2.2789
-2.2043
-2.4224
-2.2692
-2.2903
-2.3017
-2.2033
-2.427
-2.1864
-2.222
-2.3999
-2.2709
-2.234
-2.4165
-2.17
-2.2403
-2.409
-2.1702
-2.2999
-2.17
-2.1895
-2.3302
-2.416
-2.3952
-2.1846
-2.2589
-2.2706
-2.3619
-2.1727
-2.3022
-2.1995
-2.2768
-2.4059
-2.3341
-2.4243
-2.3515
-2.1875
-2.3514
-2.3583
-2.2618
-2.3285
-2.2459
-2.17
-2.2627
-2.3253
-2.2213
-2.4002
-2.4195
-2.1857
-2.4184
-2.4181
-2.4286
-2.3329
-2.4279
-2.2808
-2.2044
-2.2303
-2.4201
-2.403
-2.3404
-2.2428
-2.3626
-2.4168
-2.2622
-2.2144
-2.4271
-2.2659
-2.399
-2.2009
-2.4153
-2.4105
-2.2233
-2.4298
-2.212
-2.2251
-2.4173
-2.3065
-2.2781
-2.186
-2.225
-2.3171
-2.1893
-2.2495
-2.3146
-2.3471
-2.2101
-2.271
-2.3649
-2.1821
-2.4159
-2.1707
-2.2883
-2.4116
-2.1717
-2.3595
-2.1727
-2.2309
-2.2959
-2.3414
-2.3395
-2.2414
-2.2578
-2.1716
-2.2553
-2.3826
-2.1788
-2.3862
-2.1711
-2.35
-2.191
-2.1944
-2.4043
-2.271
-2.1805
-2.3154
-2.2145
-2.4255
-2.1715
-2.3759
-2.3876
-2.2642
-2.3999
-2.3018
-2.4129
-2.175
-2.4294
-2.2255
-2.3943
-2.4272
-2.2542
-2.1766
-2.3269
-2.2148
-2.261
-2.3935
-2.4291
-2.4262
-2.2218
-2.367
-2.2236
-2.4294
-2.2896
-2.3167
-2.4286
-2.2272
-2.4298
-2.3805
-2.3449
-2.2215
-2.2898
-2.1929
-2.3573
-2.389
-2.1771
-2.1856
-2.316
-2.4217
-2.4289
-2.2654
-2.4246
-2.247
-2.1713
-2.3981
-2.4298
-2.4082
-2.3751
-2.2594
-2.3909
-2.3162
-2.1855
-2.2501
-2.3009
-2.4251
-2.3775
-2.2355
-2.3117
-2.1957
-2.2866
-2.1808
-2.415
-2.3845
-2.3772
-2.2934
-2.3353
-2.3335
-2.4187
-2.1774
-2.3887
-2.2017
-2.1853
-2.2527
-2.1952
-2.4212
-2.3564
-2.2839
-2.3052
-2.2608
-2.2412
-2.4292
-2.297
-2.3946
-2.4209
-2.2365
-2.4275
-2.1967
-2.2444
-2.4062
-2.222
-2.3059
-2.398
-2.3133
-2.1701
-2.23
-2.43
-2.2568
-2.4298
-2.3631
-2.3814
-2.2104
-2.1877
-2.3482
-2.4022
-2.4162
-2.2608
-2.273
-2.4075
-2.1928
-2.3795
-2.3073
-2.172
-2.4136
-2.4298
-2.3457
-2.3115
-2.4028
-2.2117
-2.3604
-2.2151
-2.3162
-2.1708
-2.2241
-2.2389
-2.17
-2.1714
-2.4171
-2.2791
-2.2331
-2.3648
-2.2058
-2.4267
-2.1738
-2.2342
-2.43
-2.1763
-2.2963
-2.1883
-2.25
-2.4253
-2.3479
-2.175
-2.3833
-2.2597
-2.3893
-2.1703
-2.1974
-2.1805
-2.4296
-2.4282
-2.3041
-2.2937
-2.1998
-2.2851
-2.2758
-2.1792
-2.4189
-2.2756
-2.1898
-2.202
-2.4057
-2.1955
-2.255
-2.3918
-2.4131
-2.2536
-2.2694
-2.3754
-2.2898
-2.3019
-2.2305
-2.3879
-2.1962
-2.3072
-2.4296
-2.2786
-2.1734
-2.4138
-2.2065
-2.3924
-2.4152
-2.4253
-2.4083
-2.4023
-2.1706
-2.3852
-2.2067
-2.1854
-2.1849
-2.3036
-2.17
-2.3544
-2.2708
-2.3302
-2.2936
-2.4038
-2.3014
-2.2358
-2.1703
-2.43
-2.2431
-2.1759
-2.2626
-2.3513
-2.3422
-2.3497
-2.3009
-2.2448
-2.2611
-2.3569
-2.3758
-2.2857
-2.3645
-2.1959
-2.4285
-2.2398
-2.4284
-2.4272
-2.2714
-2.2223
-2.2972
-2.3957
-2.2541
-2.3801
-2.3819
-2.414
-2.1872
-2.3061
-2.2326
-2.4015
-2.4206
-2.2416
-2.1725
-2.4254
-2.4277
-2.4294
-2.2179
-2.411
-2.2116
-2.4294
-2.2799
-2.359
-2.179
-2.1846
-2.2629
-2.4246
-2.1845
-2.1702
-2.4124
-2.4068
-2.4277
-2.1711
-2.3525
-2.429
-2.4031
-2.1909
-2.2092
-2.1815
-2.352
-2.2937
-2.17
-2.17
-2.4093
-2.4242
-2.1709
-2.3078
-2.2591
-2.4275
-2.4175
-2.1706
-2.3874
-2.3224
-2.2863
-2.3089
-2.4135
-2.429
-2.4287
-2.3948
-2.2707
-2.2369
-2.4228
-2.1727
-2.4182
-2.4147
-2.17
-2.3762
-2.2767
-2.2016
-2.249
-2.3132
-2.2127
-2.2878
-2.2146
-2.3036
-2.2495
-2.3157
-2.2275
-2.172
-2.2029
-2.4058
-2.2871
-2.3341
-2.4032
-2.3297
-2.1715
-2.1902
-2.1824
-2.3633
-2.1955
-2.4269
-2.2911
-2.2796
-2.2124
-2.1763
-2.1724
-2.2243
-2.3229
-2.2909
-2.2288
-2.2266
-2.348
-2.1703
-2.2324
-2.173
-2.1842
-2.2322
-2.2498
-2.2057
-2.3824
-2.4094
-2.4246
-2.2267
-2.1741
-2.3908
-2.1702
-2.3857
-2.1794
-2.3581
-2.3817
-2.2668
-2.4254
-2.2931
-2.2619
-2.1999
-2.1987
-2.1771
-2.1968
-2.4143
-2.3444
-2.2098
-2.2519
-2.1844
-2.2381
-2.1769
-2.4041
-2.1872
-2.43
-2.2645
-2.422
-2.4268
-2.1711
-2.3289
-2.3879
-2.351
-2.2715
-2.4297
-2.2282
-2.2088
-2.1711
-2.1722
-2.17
-2.1862
-2.3975
-2.3148
-2.1842
-2.3795
-2.3129
-2.3802
-2.4202
-2.3653
-2.2813
-2.3036
-2.3658
-2.3824
-2.1728
-2.3793
-2.2962
-2.4297
-2.4145
-2.1752
-2.4283
-2.4284
-2.17
-2.1765
-2.4272
-2.2266
-2.3484
-2.3915
-2.43
-2.2052
-2.1893
-2.3959
-2.1716
-2.3794
-2.2891
-2.4013
-2.3721
-2.2382
-2.1817
-2.1743
-2.4194
-2.2308
-2.193
-2.3848
-2.4299
-2.2659
-2.3731
-2.1743
-2.1729
-2.2417
-2.2271
-2.3956
-2.1846
-2.4038
-2.2651
-2.4201
-2.2241
-2.426
-2.3953
-2.294
-2.3845
-2.1828
-2.174
-2.1917
-2.1714
-2.3855
-2.4026
-2.4155
-2.4093
-2.2706
-2.3039
-2.2493
-2.2998
-2.3888
-2.2835
-2.1808
-2.198
-2.1994
-2.3459
-2.3844
-2.2
-2.1715
-2.4069
-2.4242
-2.1754
-2.2775
-2.4298
-2.2032
-2.1836
-2.3606
-2.3981
-2.3399
-2.1872
-2.1864
-2.4178
-2.2387
-2.4258
-2.1804
-2.3441
-2.1717
-2.2743
-2.39
-2.3758
-2.1853
-2.3402
-2.3884
-2.422
-2.399
-2.1744
-2.3982
-2.1966
-2.3449
-2.3719
-2.4061
-2.2525
-2.4108
-2.4262
-2.424
-2.3803
-2.1818
-2.1974
-2.2378
-2.4202
-2.2285
-2.3979
-2.4053
-2.3802
-2.2937
-2.1713
-2.2242
-2.3494
-2.2478
-2.17
-2.3524
-2.3245
-2.1881
-2.2477
-2.4244
-2.2337
-2.1845
-2.3518
-2.4164
-2.3097
-2.3111
-2.2104
-2.3143
-2.17
-2.173
-2.4044
-2.2105
-2.4223
-2.2411
-2.1724
-2.3164
-2.3088
-2.2781
-2.2679
-2.2562
-2.1725
-2.3864
-2.3159
-2.2301
-2.2198
-2.4208
-2.3326
-2.2353
-2.1844
-2.19
-2.2258
-2.3574
-2.3651
-2.3912
-2.2323
-2.421
-2.3717
-2.3097
-2.3561
-2.3203
-2.2077
-2.3515
-2.1921
-2.3248
-2.2026
-2.3881
-2.3702
-2.409
-2.1729
-2.3767
-2.187
-2.4297
-2.4067
-2.37
-2.1779
-2.2814
-2.2002
-2.4188
-2.2697
-2.1704
-2.4298
-2.4152
-2.3776
-2.3782
-2.4062
-2.1731
-2.2171
-2.1951
-2.1712
-2.3297
-2.2377
-2.1829
-2.3018
-2.3899
-2.2589
-2.4155
-2.3216
-2.1706
-2.1868
-2.3085
-2.1789
-2.3098
-2.3185
-2.1878
-2.3069
-2.3918
-2.1745
-2.4028
-2.3372
-2.2263
-2.276
-2.4296
-2.4242
-2.2931
-2.2378
-2.1962
-2.1773
-2.1873
-2.1718
-2.4276
-2.2491
-2.1713
-2.3541
-2.3556
-2.3042
-2.2151
-2.2046
-2.3874
-2.183
-2.415
-2.195
-2.2508
-2.4288
-2.2489
-2.1903
-2.3282
-2.4253
-2.4285
-2.2027
-2.2625
-2.2512
-2.3978
-2.3862
-2.2395
-2.3501
-2.4269
-2.2602
-2.3122
-2.2469
-2.3358
-2.212
-2.3683
-2.1906
-2.396
-2.3883
-2.283
-2.202
-2.1805
-2.43
-2.3902
-2.3703
-2.2287
-2.4204
-2.3646
-2.37
-2.4231
-2.2408
-2.3056
-2.3967
-2.4087
-2.3955
-2.1705
-2.3681
-2.3966
-2.3017
-2.2022
-2.2034
-2.4262
-2.333
-2.2409
-2.1965
-2.1727
-2.2667
-2.425
-2.4291
-2.3862
-2.2556
-2.3052
-2.1736
-2.2424
-2.2041
-2.1703
-2.1702
-2.2557
-2.1861
-2.4229
-2.2832
-2.2645
-2.1916
-2.369
-2.3261
-2.2748
-2.2062
-2.1822
-2.3987
-2.3198
-2.3611
-2.1765
-2.4296
-2.3716
-2.3882
-2.3273
-2.2508
-2.3604
-2.372
-2.373
-2.4242
-2.43
-2.2562
-2.2883
-2.2667
-2.2263
-2.238
-2.1877
-2.1916
-2.2911
-2.1817
-2.3338
-2.1739
-2.3433
-2.429
-2.3951
-2.2059
-2.3976
-2.373
-2.3516
-2.4135
-2.2456
-2.2167
-2.3856
-2.4229
-2.4227
-2.4276
-2.4205
-2.3723
-2.2876
-2.3401
-2.2046
-2.4244
-2.3573
-2.4295
-2.4256
-2.2822
-2.2546
-2.2106
-2.2255
-2.4299
-2.3798
-2.3933
-2.1703
-2.3395
-2.2772
-2.3428
-2.4297
-2.4228
-2.382
-2.378
-2.3248
-2.3379
-2.3812
-2.4237
-2.1728
-2.197
-2.4145
-2.1965
-2.2942
-2.247
-2.3476
-2.3072
-2.1731
-2.2619
-2.29
-2.4238
-2.2442
-2.4186
-2.2701
-2.3819
-2.1949
-2.3933
-2.1814
-2.4076
-2.3507
-2.4061
-2.406
-2.177
-2.2893
-2.1855
-2.202
-2.4183
-2.4269
-2.3806
-2.4295
-2.1747
-2.3436
-2.4295
-2.3932
-2.3815
-2.1703
-2.4191
-2.2607
-2.3536
-2.2582
-2.1706
-2.3508
-2.2514
-2.2329
-2.2344
-2.241
-2.4
-2.1703
-2.289
-2.1878
-2.1702
-2.1719
-2.2132
-2.3107
-2.4154
-2.4122
-2.422
-2.3811
-2.3245
-2.2904
-2.3275
-2.3733
-2.1749
-2.2595
-2.17
-2.3809
-2.3744
-2.3609
-2.2963
-2.2059
-2.283
-2.1912
-2.1847
-2.4299
-2.4261
-2.2238
-2.2706
-2.2488
-2.3691
-2.1794
-2.1991
-2.3921
-2.3966
-2.1857
-2.3946
-2.4114
-2.38
-2.3577
-2.4259
-2.205
-2.1708
-2.2665
-2.2632
-2.2407
-2.1908
-2.4102
-2.1732
-2.2896
-2.4081
-2.4189
-2.3605
-2.2157
-2.3877
-2.2514
-2.2547
-2.17
-2.2074
-2.4291
-2.3443
-2.2471
-2.2038
-2.1804
-2.2758
-2.4284
-2.3872
-2.2073
-2.3122
-2.1782
-2.3996
-2.3
-2.3736
-2.3504
-2.3828
-2.4246
-2.176
-2.4276
-2.243
-2.4259
-2.4279
-2.1961
-2.2388
-2.2807
-2.255
-2.1721
-2.2116
-2.4255
-2.2501
-2.1704
-2.2663
-2.2153
-2.2363
-2.1862
-2.3344
-2.3839
-2.2141
-2.2151
-2.396
-2.2764
-2.2369
-2.1887
-2.4244
-2.4161
-2.3616
-2.43
-2.416
-2.1774
-2.1774
-2.3317
-2.1733
-2.4205
-2.1718
-2.1785
-2.2913
-2.43
-2.2311
-2.4112
-2.3971
-2.1713
-2.3131
-2.4128
-2.1716
-2.1862
-2.17
-2.2352
-2.43
-2.4083
-2.4297
-2.4204
-2.202
-2.1875
-2.2965
-2.2276
-2.3232
-2.329
-2.3993
-2.2584
-2.2342
-2.3485
-2.4271
-2.4271
-2.3456
-2.3861
-2.1711
-2.363
-2.254
-2.3469
-2.3613
-2.1895
-2.2636
-2.2016
-2.3744
-2.4008
-2.1702
-2.4007
-2.2842
-2.2932
-2.3795
-2.2501
-2.3339
-2.3613
-2.3133
-2.3565
-2.1799
-2.3065
-2.1759
-2.2586
-2.41
-2.3149
-2.1774
-2.1712
-2.2981
-2.1825
-2.424
-2.3751
-2.3763
-2.3939
-2.316
-2.429
-2.1737
-2.428
-2.4271
-2.17
-2.2277
-2.4298
-2.2327
-2.2
-2.3005
-2.2674
-2.3332
-2.2725
-2.4247
-2.3657
-2.2444
-2.2185
-2.1978
-2.1704
-2.17
-2.417
-2.2935
-2.3302
-2.1748
-2.4289
-2.2492
-2.3643
-2.3445
-2.3296
-2.3966
-2.2684
-2.3984
-2.4151
-2.4289
-2.1713
-2.227
-2.1878
-2.2903
-2.3761
-2.1951
-2.2006
-2.3025
-2.2648
-2.2329
-2.171
-2.2189
-2.4219
-2.1838
-2.2474
-2.3812
-2.2262
-2.1718
-2.2545
-2.1701
-2.3325
-2.4206
-2.3791
-2.2242
-2.4234
-2.4069
-2.2769
-2.2086
-2.423
-2.2201
-2.4245
-2.3295
-2.4204
-2.348
-2.4154
-2.2852
-2.2308
-2.2873
-2.2913
-2.4064
-2.3001
-2.3753
-2.2203
-2.17
-2.3966
-2.1787
-2.2824
-2.4175
-2.4298
-2.2502
-2.397
-2.4215
-2.1834
-2.4046
-2.3743
-2.1701
-2.1714
-2.2004
-2.2407
-2.3724
-2.2281
-2.2109
-2.3234
-2.43
-2.4298
-2.4238
-2.1731
-2.3017
-2.3799
-2.3608
-2.3051
-2.43
-2.4281
-2.4059
-2.3737
-2.4169
-2.4167
-2.4296
-2.2103
-2.2467
-2.2803
-2.3669
-2.17
-2.4008
-2.3816
-2.1983
-2.4239
-2.3924
-2.1826
-2.1766
-2.4226
-2.2362
-2.347
-2.4251
-2.3531
-2.2952
-2.2432
-2.4298
-2.3608
-2.2595
-2.2387
-2.2618
-2.2214
-2.1707
-2.406
-2.1821
-2.2303
-2.3597
-2.2701
-2.3793
-2.4141
-2.3303
-2.3527
-2.3897
-2.4278
-2.4071
-2.2733
-2.3668
-2.2601
-2.216
-2.1988
-2.4247
-2.3632
-2.1812
-2.1708
-2.1719
-2.408
-2.2186
-2.2578
-2.3397
-2.3408
-2.1738
-2.233
-2.1779
-2.3897
-2.3772
-2.322
-2.2465
-2.3047
-2.1832
-2.292
-2.4165
-2.2983
-2.338
-2.1717
-2.3355
-2.2705
-2.2918
-2.411
-2.1921
-2.2149
-2.2779
-2.2612
-2.2817
-2.3895
-2.1736
-2.2594
-2.1751
-2.2335
-2.2867
-2.233
-2.423
-2.2227
-2.2723
-2.429
-2.3149
-2.2363
-2.1723
-2.3635
-2.2235
-2.2604
-2.3187
-2.1742
-2.4046
-2.2738
-2.233
-2.1876
-2.2943
-2.4289
-2.3208
-2.4011
-2.4035
-2.3933
-2.172
-2.1877
-2.2856
-2.4269
-2.3447
-2.4286
-2.2032
-2.4297
-2.4107
-2.2687
-2.4166
-2.3739
-2.4292
-2.3642
-2.1743
-2.1818
-2.1701
-2.179
-2.186
-2.4256
-2.3006
-2.2706
-2.3931
-2.2067
-2.43
-2.2445
-2.2406
-2.417
-2.1828
-2.2047
-2.2424
-2.2242
-2.1775
-2.3898
-2.2998
-2.3981
-2.195
-2.1863
-2.2582
-2.3592
-2.2668
-2.3895
-2.3772
-2.4257
-2.1913
-2.3659
-2.4221
-2.4226
-2.4259
-2.1719
-2.2112
-2.4175
-2.4124
-2.1883
-2.3289
-2.4269
-2.3364
-2.4207
-2.1767
-2.3652
-2.3781
-2.3983
-2.2561
-2.2337
-2.173
-2.4104
-2.4067
-2.1742
-2.3409
-2.1725
-2.1866
-2.4292
-2.3423
-2.2554
-2.1875
-2.4216
-2.4273
-2.4233
-2.2677
-2.3126
-2.2702
-2.24
-2.4021
-2.2278
-2.1834
-2.3441
-2.4268
-2.4299
-2.2312
-2.428
-2.4236
-2.43
-2.4174
-2.4011
-2.3001
-2.3984
-2.4031
-2.4296
-2.2033
-2.3566
-2.4
-2.4299
-2.197
-2.1913
-2.2239
-2.3322
-2.17
-2.3662
-2.3384
-2.3272
-2.391
-2.2634
-2.4247
-2.3051
-2.2329
-2.2061
-2.1703
-2.2464
-2.2
-2.2063
-2.3893
-2.3716
-2.1836
-2.2614
-2.17
-2.2614
-2.1963
-2.409
-2.2781
-2.3104
-2.413
-2.248
-2.2428
-2.2611
-2.2544
-2.328
-2.1727
-2.4284
-2.4215
-2.4021
-2.2778
-2.322
-2.2918
-2.2937
-2.1809
-2.385
-2.2027
-2.415
-2.3508
-2.1971
-2.2932
-2.4067
-2.3393
-2.17
-2.2149
-2.19
-2.2389
-2.3552
-2.312
-2.1933
-2.4287
-2.4198
-2.3254
-2.1821
-2.4254
-2.4297
-2.2453
-2.38
-2.3328
-2.1736
-2.405
-2.2181
-2.2688
-2.1931
-2.3398
-2.43
-2.2167
-2.3354
-2.2776
-2.2772
-2.3617
-2.4018
-2.4251
-2.3134
-2.195
-2.2976
-2.4176
-2.3981
-2.285
-2.3243
-2.4268
-2.4297
-2.3638
-2.4287
-2.3524
-2.2376
-2.317
-2.3617
-2.1952
-2.3778
-2.2279
-2.2085
-2.2714
-2.366
-2.381
-2.1768
-2.4206
-2.4053
-2.1786
-2.2585
-2.3978
-2.3867
-2.3904
-2.2911
-2.2534
-2.2088
-2.4266
-2.4052
-2.1738
-2.2703
-2.3996
-2.3444
-2.3877
-2.4248
-2.1748
-2.4051
-2.2956
-2.2212
-2.4227
-2.1854
-2.2258
-2.2954
-2.1702
-2.3331
-2.4214
-2.1766
-2.2905
-2.2025
-2.4232
-2.4062
-2.4251
-2.1703
-2.4283
-2.194
-2.1778
-2.4184
-2.3898
-2.32
-2.17
-2.2044
-2.43
-2.1797
-2.2464
-2.3448
-2.3202
-2.4161
-2.2116
-2.43
-2.2184
-2.194
-2.2826
-2.1713
-2.2884
-2.4298
-2.1941
-2.2885
-2.4101
-2.3431
-2.3265
-2.2824
-2.2851
-2.3218
-2.3362
-2.1706
-2.416
-2.2239
-2.2228
-2.4257
-2.3106
-2.2147
-2.3968
-2.1949
-2.4035
-2.1928
-2.4113
-2.193
-2.2745
-2.41
-2.2258
-2.2199
-2.2904
-2.2817
-2.2046
-2.2744
-2.3956
-2.1753
-2.1724
-2.4271
-2.18
-2.2235
-2.4274
-2.1742
-2.2576
-2.2882
-2.1795
-2.2326
-2.2683
-2.4299
-2.3927
-2.3373
-2.1983
-2.1949
-2.3834
-2.3942
-2.3916
-2.3392
-2.3634
-2.4075
-2.3422
-2.2069
-2.3263
-2.1701
-2.3824
-2.1705
-2.1781
-2.1718
-2.3827
-2.1745
-2.2734
-2.243
-2.2821
-2.3799
-2.1806
-2.1756
-2.292
-2.2416
-2.3667
-2.2431
-2.4133
-2.3925
-2.2024
-2.2616
-2.3041
-2.3781
-2.3733
-2.2866
-2.3257
-2.2419
-2.1912
-2.4295
-2.4147
-2.1841
-2.3988
-2.3034
-2.2055
-2.2006
-2.3495
-2.3675
-2.2486
-2.3875
-2.2657
-2.3921
-2.3546
-2.1961
-2.2782
-2.2034
-2.4103
-2.1721
-2.4252
-2.1962
-2.1805
-2.3508
-2.2027
-2.1753
-2.1823
-2.4298
-2.3438
-2.2347
-2.1781
-2.222
-2.2759
-2.2404
-2.3161
-2.4293
-2.1839
-2.2163
-2.4249
-2.3744
-2.3958
-2.2331
-2.2102
-2.1845
-2.3454
-2.2409
-2.3889
-2.239
-2.3896
-2.2741
-2.1884
-2.362
-2.4274
-2.2748
-2.2967
-2.3705
-2.1751
-2.4033
-2.2644
-2.3963
-2.2126
-2.2728
-2.1784
-2.3922
-2.2987
-2.2171
-2.2241
-2.4119
-2.1705
-2.1716
-2.3402
-2.2296
-2.1989
-2.4297
-2.1826
-2.2338
-2.2174
-2.3687
-2.184
-2.4278
-2.1729
-2.2469
-2.2878
-2.2067
-2.1761
-2.3859
-2.2848
-2.2762
-2.2994
-2.4081
-2.2843
-2.4055
-2.1907
-2.2888
-2.2002
-2.2372
-2.1728
-2.3524
-2.3844
-2.3983
-2.4181
-2.4269
-2.2537
-2.2227
-2.3852
-2.2925
-2.401
-2.4199
-2.3545
-2.4184
-2.3251
-2.2881
-2.1992
-2.2537
-2.2858
-2.1711
-2.2089
-2.4226
-2.17
-2.2997
-2.2126
-2.229
-2.4285
-2.3863
-2.3747
-2.2736
-2.1729
-2.2785
-2.2063
-2.1754
-2.2764
-2.3614
-2.2164
-2.2636
-2.2106
-2.3674
-2.3499
-2.3284
-2.3303
-2.3503
-2.4169
-2.1914
-2.1823
-2.1726
-2.1775
-2.2323
-2.1705
-2.1711
-2.4012
-2.3723
-2.4299
-2.3887
-2.2154
-2.1701
-2.2053
-2.43
-2.1706
-2.2648
-2.2361
-2.1728
-2.1708
-2.4043
-2.4297
-2.2706
-2.2269
-2.327
-2.3091
-2.1775
-2.3802
-2.1985
-2.1716
-2.403
-2.2726
-2.2611
-2.3767
-2.277
-2.3277
-2.1776
-2.1725
-2.3529
-2.3972
-2.3895
-2.2277
-2.4291
-2.3826
-2.2477
-2.2208
-2.3849
-2.43
-2.2371
-2.3068
-2.417
-2.2838
-2.2163
-2.1746
-2.172
-2.3603
-2.3598
-2.3097
-2.2536
-2.3681
-2.4298
-2.3135
-2.413
-2.2935
-2.4218
-2.4237
-2.4204
-2.1958
-2.1703
-2.2178
-2.3881
-2.2875
-2.4295
-2.4247
-2.4029
-2.4269
-2.3844
-2.3887
-2.3744
-2.339
-2.3199
-2.3642
-2.1933
-2.2487
-2.3924
-2.1807
-2.1913
-2.1734
-2.4128
-2.1704
-2.3966
-2.2235
-2.3836
-2.3599
-2.181
-2.3753
-2.4276
-2.2191
-2.2831
-2.3755
-2.2105
-2.2066
-2.2537
-2.2944
-2.1764
-2.3277
-2.2123
-2.182
-2.3907
-2.4099
-2.4242
-2.322
-2.2356
-2.4269
-2.2778
-2.4193
-2.2773
-2.301
-2.181
-2.235
-2.3322
-2.2
-2.2129
-2.43
-2.3369
-2.312
-2.2287
-2.4235
-2.1906
-2.179
-2.4209
-2.4283
-2.4093
-2.2298
-2.3834
-2.3934
-2.3932
-2.4292
-2.2962
-2.3917
-2.2613
-2.3473
-2.1792
-2.4088
-2.4296
-2.2755
-2.415
-2.4037
-2.1715
-2.1811
-2.4097
-2.4281
-2.1713
-2.348
-2.1766
-2.3721
-2.1748
-2.1834
-2.2718
-2.4128
-2.1766
-2.1763
-2.2411
-2.4153
-2.3384
-2.3891
-2.2686
-2.3511
-2.3137
-2.2142
-2.4143
-2.2888
-2.2113
-2.1759
-2.1705
-2.1856
-2.324
-2.3604
-2.2048
-2.2028
-2.2321
-2.1982
-2.1952
-2.3238
-2.2812
-2.17
-2.1822
-2.4296
-2.1909
-2.298
-2.2944
-2.4213
-2.4197
-2.1807
-2.1984
-2.3465
-2.3376
-2.1704
-2.1818
-2.1886
-2.3892
-2.3597
-2.4171
-2.2903
-2.1747
-2.2836
-2.1921
-2.3535
-2.3768
-2.3413
-2.3633
-2.3736
-2.401
-2.223
-2.4024
-2.3831
-2.171
-2.2589
-2.17
-2.3672
-2.3941
-2.43
-2.394
-2.4292
-2.3985
-2.4276
-2.2484
-2.3989
-2.171
-2.3455
-2.272
-2.1968
-2.2434
-2.2336
-2.4151
-2.1717
-2.426
-2.2893
-2.43
-2.4298
-2.4268
-2.4201
-2.326
-2.1712
-2.1717
-2.415
-2.4293
-2.2427
-2.4272
-2.1703
-2.3967
-2.2793
-2.3096
-2.3503
-2.4274
-2.3239
-2.2806
-2.2386
-2.2815
-2.1914
-2.4298
-2.2459
-2.1712
-2.364
-2.1709
-2.2676
-2.4118
-2.1736
-2.2788
-2.2532
-2.2001
-2.2353
-2.2803
-2.345
-2.2126
-2.2151
-2.2347
-2.2478
-2.2578
-2.4295
-2.3981
-2.4256
-2.1745
-2.1799
-2.2158
-2.3293
-2.2838
-2.364
-2.1812
-2.4013
-2.1987
-2.3383
-2.3486
-2.418
-2.2624
-2.2998
-2.2379
-2.1782
-2.1828
-2.4031
-2.3405
-2.2477
-2.282
-2.4151
-2.3596
-2.2168
-2.2516
-2.3456
-2.4145
-2.3329
-2.3713
-2.3879
-2.199
-2.3483
-2.3885
-2.1838
-2.4231
-2.4113
-2.4297
-2.2295
-2.4009
-2.4278
-2.3898
-2.2417
-2.43
-2.194
-2.171
-2.3763
-2.233
-2.3555
-2.4076
-2.4244
-2.4254
-2.1715
-2.3799
-2.4256
-2.251
-2.39
-2.1773
-2.3731
-2.3742
-2.3007
-2.26
-2.2693
-2.43
-2.3947
-2.1854
-2.4279
-2.3863
-2.2502
-2.1738
-2.3701
-2.2022
-2.4137
-2.2903
-2.3033
-2.4275
-2.1765
-2.2437
-2.2959
-2.4279
-2.4242
-2.255
-2.2707
-2.2118
-2.3279
-2.429
-2.4082
-2.1935
-2.4231
-2.279
-2.3381
-2.3278
-2.1721
-2.4
-2.1789
-2.2643
-2.2413
-2.3611
-2.1816
-2.4281
-2.1923
-2.2924
-2.4286
-2.3539
-2.1705
-2.2088
-2.3733
-2.4165
-2.1724
-2.4247
-2.4061
-2.17
-2.1732
-2.1947
-2.1731
-2.1734
-2.2089
-2.3808
-2.1978
-2.4291
-2.3285
-2.2884
-2.31
-2.1861
-2.1881
-2.1703
-2.4114
-2.4188
-2.4106
-2.2815
-2.3767
-2.4255
-2.1756
-2.3638
-2.3498
-2.4239
-2.3521
-2.2678
-2.4295
-2.4245
-2.18
-2.3866
-2.422
-2.1705
-2.2324
-2.3856
-2.287
-2.17
-2.4107
-2.2086
-2.3963
-2.3328
-2.1747
-2.3338
-2.219
-2.4008
-2.3613
-2.3034
-2.3208
-2.4146
-2.3011
-2.1702
-2.2795
-2.4081
-2.256
-2.4019
-2.4279
-2.4158
-2.2285
-2.3552
-2.2177
-2.1854
-2.1714
-2.1702
-2.402
-2.3956
-2.4198
-2.2659
-2.3763
-2.4266
-2.3981
-2.4221
-2.1701
-2.213
-2.3137
-2.43
-2.2297
-2.2265
-2.18
-2.4205
-2.2618
-2.4003
-2.2986
-2.4219
-2.2399
-2.4062
-2.1938
-2.4059
-2.3076
-2.1929
-2.194
-2.3963
-2.2184
-2.3992
-2.2992
-2.3249
-2.2867
-2.3639
-2.4057
-2.3383
-2.3754
-2.2514
-2.424
-2.2098
-2.4229
-2.1711
-2.3804
-2.3925
-2.3559
-2.4296
-2.1722
-2.2849
-2.4257
-2.3426
-2.4281
-2.3918
-2.3315
-2.3051
-2.3812
-2.2765
-2.1702
-2.4189
-2.1704
-2.2921
-2.1835
-2.1798
-2.4288
-2.1737
-2.1713
-2.3305
-2.3014
-2.2933
-2.2289
-2.1878
-2.312
-2.2958
-2.1935
-2.4279
-2.4299
-2.2182
-2.1876
-2.2496
-2.1723
-2.327
-2.3763
-2.1913
-2.4298
-2.1718
-2.4078
-2.3052
-2.2808
-2.422
-2.4081
-2.1789
-2.1815
-2.3938
-2.1804
-2.171
-2.4262
-2.4124
-2.4123
-2.3636
-2.2971
-2.314
-2.4034
-2.222
-2.3259
-2.4131
-2.4207
-2.43
-2.1743
-2.4286
-2.2142
-2.3743
-2.2922
-2.2343
-2.1727
-2.415
-2.2784
-2.203
-2.2467
-2.3198
-2.2769
-2.2944
-2.422
-2.4292
-2.17
-2.4297
-2.1709
-2.4295
-2.374
-2.3184
-2.4275
-2.2782
-2.2556
-2.1793
-2.3855
-2.4142
-2.4268
-2.1719
-2.3858
-2.3422
-2.2201
-2.2867
-2.4221
-2.3044
-2.1806
-2.1863
-2.3508
-2.4292
-2.2972
-2.4078
-2.1833
-2.206
-2.2985
-2.1767
-2.2122
-2.3582
-2.3733
-2.2904
-2.3707
-2.3233
-2.3157
-2.3633
-2.1828
-2.3608
-2.4126
-2.1753
-2.4212
-2.3888
-2.4174
-2.2203
-2.1777
-2.2706
-2.3246
-2.3477
-2.3816
-2.3645
-2.3746
-2.1826
-2.4021
-2.3288
-2.417
-2.1774
-2.2961
-2.3178
-2.4204
-2.2917
-2.2857
-2.4072
-2.429
-2.1867
-2.1856
-2.1718
-2.4208
-2.3795
-2.1958
-2.2248
-2.2934
-2.3128
-2.2727
-2.1872
-2.3877
-2.3485
-2.3681
-2.3006
-2.3623
-2.3711
-2.4283
-2.1701
-2.397
-2.2148
-2.2524
-2.3408
-2.4123
-2.4186
-2.4073
-2.2044
-2.2047
-2.3702
-2.3711
-2.2265
-2.17
-2.2514
-2.4242
-2.4165
-2.1853
-2.3975
-2.2069
-2.4251
-2.4292
-2.4238
-2.4136
-2.2243
-2.4004
-2.3519
-2.2652
-2.2699
-2.4244
-2.3743
-2.4252
-2.3854
-2.2552
-2.4045
-2.3992
-2.2115
-2.4271
-2.385
-2.1743
-2.2619
-2.1702
-2.3905
-2.1769
-2.4181
-2.3521
-2.3852
-2.2111
-2.3743
-2.3164
-2.4299
-2.1726
-2.2657
-2.2011
-2.2896
-2.2401
-2.3014
-2.2603
-2.1701
-2.1929
-2.2158
-2.2772
-2.2944
-2.2074
-2.2834
-2.4093
-2.1919
-2.1788
-2.176
-2.4298
-2.233
-2.1724
-2.4172
-2.4182
-2.3078
-2.3395
-2.423
-2.3491
-2.3159
-2.426
-2.4193
-2.1738
-2.2262
-2.287
-2.3177
-2.2819
-2.3022
-2.1759
-2.2055
-2.4096
-2.3246
-2.3566
-2.1724
-2.2958
-2.257
-2.43
-2.4169
-2.3741
-2.1736
-2.4297
-2.2332
-2.4207
-2.1976
-2.214
-2.3405
-2.3346
-2.1981
-2.3894
-2.1813
-2.1833
-2.2684
-2.216
-2.1758
-2.2657
-2.4184
-2.3924
-2.3364
-2.1892
-2.1954
-2.171
-2.1842
-2.2496
-2.4055
-2.1851
-2.1702
-2.2749
-2.2316
-2.3944
-2.3397
-2.4293
-2.2921
-2.3346
-2.2664
-2.3974
-2.3365
-2.248
-2.1701
-2.2136
-2.1779
-2.3854
-2.2443
-2.3786
-2.1762
-2.1998
-2.2631
-2.1812
-2.2877
-2.4269
-2.3155
-2.4165
-2.3334
-2.3387
-2.43
-2.2736
-2.4243
-2.3325
-2.3624
-2.2655
-2.1919
-2.2586
-2.4197
-2.4194
-2.2931
-2.4135
-2.2189
-2.3844
-2.2626
-2.2804
-2.2088
-2.4184
-2.4274
-2.4282
-2.214
-2.4164
-2.4268
-2.4293
-2.4274
-2.4267
-2.3416
-2.4031
-2.4214
-2.3837
-2.3837
-2.429
-2.3899
-2.176
-2.1827
-2.1732
-2.3325
-2.3429
-2.43
-2.1726
-2.3904
-2.2827
-2.384
-2.2341
-2.429
-2.3442
-2.2709
-2.1705
-2.1881
-2.4296
-2.2565
-2.1767
-2.3986
-2.424
-2.428
-2.1861
-2.3617
-2.1716
-2.2153
-2.3316
-2.305
-2.4112
-2.3645
-2.2486
-2.2437
-2.1873
-2.1979
-2.3939
-2.1989
-2.4288
-2.2907
-2.4296
-2.2605
-2.2024
-2.1702
-2.4234
-2.3788
-2.1727
-2.4275
-2.3415
-2.23
-2.4193
-2.1705
-2.209
-2.3797
-2.4254
-2.2654
-2.2026
-2.3135
-2.4112
-2.4285
-2.2269
-2.1747
-2.1727
-2.3959
-2.176
-2.1745
-2.2554
-2.3492
-2.1706
-2.263
-2.2308
-2.2553
-2.3763
-2.3941
-2.4298
-2.1701
-2.4184
-2.4271
-2.2066
-2.2853
-2.3191
-2.2208
-2.1976
-2.3961
-2.2407
-2.383
-2.43
-2.4283
-2.4156
-2.1973
-2.3306
-2.2875
-2.2266
-2.1734
-2.3518
-2.4119
-2.1787
-2.4038
-2.3018
-2.3449
-2.2021
-2.1701
-2.1957
-2.331
-2.331
-2.1936
-2.2856
-2.3666
-2.3342
-2.1925
-2.2047
-2.1871
-2.1776
-2.17
-2.4294
-2.2745
-2.4289
-2.2794
-2.2757
-2.3439
-2.179
-2.4221
-2.17
-2.2993
-2.171
-2.3689
-2.3818
-2.2487
-2.1744
-2.2165
-2.4195
-2.3167
-2.2917
-2.2398
-2.186
-2.2383
-2.2008
-2.2912
-2.3046
-2.4054
-2.1943
-2.2157
-2.3004
-2.4298
-2.1713
-2.1726
-2.4216
-2.3365
-2.3255
-2.1753
-2.2304
-2.3476
-2.3878
-2.2297
-2.3194
-2.3852
-2.3568
-2.428
-2.3751
-2.2706
-2.381
-2.1711
-2.4286
-2.2127
-2.1891
-2.4296
-2.3991
-2.1711
-2.1765
-2.425
-2.2805
-2.1767
-2.4284
-2.3541
-2.4254
-2.1786
-2.2481
-2.2258
-2.1714
-2.3554
-2.3615
-2.1762
-2.4258
-2.4092
-2.4189
-2.1723
-2.3938
-2.3978
-2.1709
-2.3548
-2.4096
-2.4297
-2.1735
-2.2578
-2.1825
-2.1904
-2.4267
-2.248
-2.1734
-2.2133
-2.282
-2.3904
-2.3759
-2.3159
-2.17
-2.2831
-2.4272
-2.2361
-2.262
-2.4234
-2.2194
-2.3759
-2.3234
-2.3536
-2.1865
-2.1967
-2.3829
-2.4256
-2.17
-2.1809
-2.2265
-2.3542
-2.2207
-2.1727
-2.4294
-2.3541
-2.2013
-2.2307
-2.349
-2.1878
-2.3953
-2.2613
-2.383
-2.2262
-2.1825
-2.1702
-2.1778
-2.2071
-2.4282
-2.4116
-2.1717
-2.4242
-2.3843
-2.4111
-2.2523
-2.1851
-2.1709
-2.3709
-2.1862
-2.222
-2.1712
-2.1851
-2.4289
-2.4151
-2.22
-2.3347
-2.2124
-2.3379
-2.1751
-2.3615
-2.3813
-2.4036
-2.3694
-2.3942
-2.4081
-2.1943
-2.3954
-2.3476
-2.2508
-2.3098
-2.3657
-2.2142
-2.3652
-2.3164
-2.1701
-2.3013
-2.2062
-2.1934
-2.4232
-2.2997
-2.1706
-2.188
-2.2
-2.3042
-2.3085
-2.2504
-2.3627
-2.3963
-2.407
-2.2671
-2.1735
-2.4282
-2.1954
-2.1872
-2.3819
-2.2343
-2.4204
-2.3329
-2.2433
-2.3205
-2.2244
-2.4293
-2.4295
-2.3028
-2.423
-2.4179
-2.1764
-2.2344
-2.4267
-2.1978
-2.4082
-2.4239
-2.2013
-2.2116
-2.3061
-2.3975
-2.3205
-2.4124
-2.17
-2.284
-2.275
-2.4156
-2.405
-2.2085
-2.181
-2.377
-2.2204
-2.4087
-2.4177
-2.2689
-2.3524
-2.4121
-2.2546
-2.216
-2.2489
-2.1715
-2.1937
-2.424
-2.1813
-2.3404
-2.3024
-2.1735
-2.3803
-2.3863
-2.4028
-2.3021
-2.3481
-2.3874
-2.4213
-2.2109
-2.2394
-2.2185
-2.4055
-2.4158
-2.2076
-2.3695
-2.283
-2.1702
-2.1812
-2.424
-2.4146
-2.3748
-2.2275
-2.4074
-2.2991
-2.2513
-2.2002
-2.2044
-2.4179
-2.2035
-2.1961
-2.409
-2.2866
-2.4199
-2.2279
-2.4252
-2.1897
-2.1954
-2.3237
-2.4289
-2.3878
-2.2473
-2.2063
-2.2285
-2.2161
-2.1713
-2.4072
-2.2222
-2.2686
-2.1703
-2.2927
-2.3618
-2.393
-2.4294
-2.3053
-2.3087
-2.4188
-2.1704
-2.4288
-2.3886
-2.4133
-2.2141
-2.3937
-2.3791
-2.3844
-2.3173
-2.1704
-2.1747
-2.3596
-2.1907
-2.2668
-2.3296
-2.1981
-2.1734
-2.3491
-2.4203
-2.4195
-2.2042
-2.1977
-2.4134
-2.402
-2.1735
-2.3173
-2.43
-2.17
-2.394
-2.43
-2.4288
-2.3709
-2.1824
-2.4286
-2.2974
-2.3816
-2.2971
-2.4151
-2.3942
-2.4252
-2.1702
-2.3723
-2.3718
-2.1716
-2.2734
-2.217
-2.425
-2.1726
-2.1892
-2.3073
-2.2121
-2.3414
-2.1765
-2.3912
-2.184
-2.1745
-2.4255
-2.1747
-2.4213
-2.2275
-2.348
-2.4068
-2.2092
-2.4226
-2.4234
-2.3859
-2.2854
-2.2465
-2.3336
-2.2389
-2.1916
-2.4013
-2.2671
-2.1753
-2.3036
-2.4269
-2.2855
-2.2901
-2.43
-2.3546
-2.4203
-2.3929
-2.4297
-2.3518
-2.4248
-2.3048
-2.2091
-2.3802
-2.2206
-2.2223
-2.1828
-2.3327
-2.2491
-2.4205
-2.3127
-2.3285
-2.1773
-2.4186
-2.2725
-2.1737
-2.3203
-2.4036
-2.3432
-2.424
-2.3452
-2.4243
-2.4252
-2.429
-2.4299
-2.3745
-2.3395
-2.2035
-2.4185
-2.3618
-2.1918
-2.4083
-2.3852
-2.2641
-2.3303
-2.4281
-2.3908
-2.3395
-2.2091
-2.368
-2.1719
-2.2414
-2.3951
-2.1856
-2.1808
-2.4242
-2.3857
-2.4159
-2.1845
-2.3649
-2.2396
-2.43
-2.3861
-2.2344
-2.2004
-2.3931
-2.2078
-2.2798
-2.1702
-2.401
-2.2475
-2.2313
-2.424
-2.3926
-2.405
-2.3585
-2.3848
-2.2727
-2.2567
-2.4243
-2.402
-2.3773
-2.2143
-2.1957
-2.3246
-2.3349
-2.2591
-2.2341
-2.4153
-2.1721
-2.1738
-2.2795
-2.2514
-2.4248
-2.3769
-2.3339
-2.4199
-2.1736
-2.4207
-2.4281
-2.4207
-2.281
-2.1898
-2.2312
-2.3296
-2.311
-2.2804
-2.2239
-2.3926
-2.2354
-2.3933
-2.2092
-2.1701
-2.3868
-2.3587
-2.2748
-2.188
-2.1731
-2.426
-2.2533
-2.2425
-2.2233
-2.2172
-2.2032
-2.3561
-2.2921
-2.3177
-2.1701
-2.181
-2.4288
-2.319
-2.3679
-2.1949
-2.1716
-2.3746
-2.426
-2.3279
-2.2609
-2.4104
-2.403
-2.3107
-2.4197
-2.3727
-2.1874
-2.4236
-2.2401
-2.3841
-2.1949
-2.41
-2.2812
-2.4282
-2.3315
-2.2377
-2.4215
-2.17
-2.2258
-2.4238
-2.3058
-2.1715
-2.3181
-2.3944
-2.2856
-2.3559
-2.4175
-2.2598
-2.2573
-2.1765
-2.187
-2.428
-2.3573
-2.4203
-2.2152
-2.1766
-2.418
-2.3378
-2.2261
-2.4299
-2.3537
-2.3263
-2.2852
-2.3857
-2.3037
-2.4063
-2.3676
-2.4228
-2.2536
-2.4299
-2.4295
-2.1701
-2.4084
-2.3216
-2.4204
-2.2786
-2.43
-2.1814
-2.1801
-2.3711
-2.2521
-2.2592
-2.1705
-2.4013
-2.1842
-2.3753
-2.3264
-2.1816
-2.3457
-2.2992
-2.1709
-2.2119
-2.17
-2.3564
-2.1952
-2.3809
-2.1705
-2.4219
-2.4118
-2.3385
-2.4298
-2.4292
-2.2878
-2.2771
-2.386
-2.2218
-2.193
-2.2609
-2.4123
-2.3066
-2.4233
-2.3794
-2.3647
-2.4049
-2.2236
-2.2579
-2.4259
-2.1962
-2.409
-2.2687
-2.4194
-2.2227
-2.2866
-2.2107
-2.2048
-2.1725
-2.3358
-2.3899
-2.1876
-2.2404
-2.2735
-2.196
-2.2379
-2.2561
-2.3701
-2.21
-2.3051
-2.3022
-2.3609
-2.4082
-2.4278
-2.423
-2.1752
-2.4059
-2.2601
-2.1858
-2.271
-2.1797
-2.1864
-2.3226
-2.1927
-2.1761
-2.3414
-2.1733
-2.43
-2.1976
-2.4297
-2.2504
-2.3605
-2.4271
-2.3931
-2.19
-2.2743
-2.176
-2.3301
-2.4295
-2.389
-2.1897
-2.4267
-2.2288
-2.276
-2.3857
-2.214
-2.1786
-2.2023
-2.1871
-2.212
-2.2017
-2.321
-2.2522
-2.3058
-2.3901
-2.3723
-2.1748
-2.1739
-2.2304
-2.188
-2.1902
-2.3928
-2.1923
-2.3917
-2.274
-2.3006
-2.3948
-2.4233
-2.2937
-2.4105
-2.217
-2.4032
-2.1705
-2.1928
-2.3858
-2.395
-2.2177
-2.1897
-2.3314
-2.3332
-2.3881
-2.1728
-2.2293
-2.2047
-2.173
-2.424
-2.1772
-2.4014
-2.2449
-2.3745
-2.3425
-2.2428
-2.2787
-2.43
-2.4005
-2.1766
-2.4252
-2.1749
-2.3776
-2.394
-2.2106
-2.3816
-2.4299
-2.3617
-2.4238
-2.4146
-2.1755
-2.4193
-2.3045
-2.3647
-2.2106
-2.4232
-2.3435
-2.3247
-2.418
-2.2681
-2.43
-2.3573
-2.3176
-2.3735
-2.4234
-2.395
-2.2251
-2.3079
-2.4241
-2.1701
-2.1739
-2.4164
-2.2491
-2.1933
-2.1755
-2.2861
-2.4088
-2.2287
-2.3799
-2.3809
-2.4256
-2.2279
-2.2578
-2.4138
-2.2988
-2.3977
-2.4281
-2.4249
-2.3386
-2.3707
-2.1792
-2.4206
-2.268
-2.3843
-2.3154
-2.1937
-2.4176
-2.4103
-2.2082
-2.396
-2.3133
-2.2907
-2.4299
-2.3293
-2.3939
-2.2414
-2.1814
-2.4247
-2.3806
-2.2087
-2.29
-2.1701
-2.424
-2.3222
-2.4209
-2.3993
-2.4067
-2.2427
-2.3574
-2.4179
-2.2649
-2.184
-2.4248
-2.2042
-2.4254
-2.3019
-2.4074
-2.2133
-2.3964
-2.4299
-2.4155
-2.3407
-2.1898
-2.2561
-2.3809
-2.3477
-2.1787
-2.398
-2.4179
-2.1705
-2.1703
-2.2209
-2.2244
-2.3898
-2.3229
-2.3308
-2.4199
-2.3167
-2.1735
-2.1705
-2.2448
-2.3823
-2.2135
-2.3908
-2.2148
-2.4298
-2.4256
-2.4208
-2.198
-2.1782
-2.3669
-2.1713
-2.1888
-2.3668
-2.1703
-2.17
-2.3688
-2.2734
-2.2901
-2.3453
-2.1835
-2.3244
-2.4287
-2.4281
-2.43
-2.3493
-2.1839
-2.2222
-2.2778
-2.3247
-2.1717
-2.2744
-2.2114
-2.1871
-2.2464
-2.4264
-2.2544
-2.3261
-2.1702
-2.2207
-2.2929
-2.2461
-2.1767
-2.1827
-2.1722
-2.2727
-2.3353
-2.4296
-2.3874
-2.1703
-2.3386
-2.3565
-2.2535
-2.2023
-2.1748
-2.1797
-2.1788
-2.2396
-2.222
-2.3882
-2.1831
-2.3795
-2.1972
-2.2551
-2.1815
-2.4068
-2.3603
-2.188
-2.3807
-2.3582
-2.1957
-2.2986
-2.1986
-2.2206
-2.4298
-2.2399
-2.3711
-2.2474
-2.2549
-2.4066
-2.1734
-2.1816
-2.3791
-2.2037
-2.1762
-2.3489
-2.4184
-2.4096
-2.3095
-2.1764
-2.4051
-2.3668
-2.3885
-2.3416
-2.4243
-2.2984
-2.2231
-2.1708
-2.2178
-2.171
-2.2139
-2.1736
-2.4257
-2.2064
-2.396
-2.3763
-2.1729
-2.4288
-2.3654
-2.1738
-2.3186
-2.4262
-2.43
-2.2428
-2.4294
-2.2784
-2.3348
-2.17
-2.4214
-2.1709
-2.2435
-2.2698
-2.2183
-2.4196
-2.3091
-2.43
-2.1937
-2.4156
-2.4204
-2.219
-2.3689
-2.4296
-2.2121
-2.2083
-2.1859
-2.1711
-2.2886
-2.2206
-2.4175
-2.1838
-2.2908
-2.271
-2.3001
-2.4299
-2.3464
-2.2432
-2.1727
-2.23
-2.1828
-2.2647
-2.2487
-2.1877
-2.2944
-2.1784
-2.2259
-2.3904
-2.1705
-2.3709
-2.2995
-2.2437
-2.2059
-2.1729
-2.3337
-2.206
-2.4107
-2.3384
-2.1834
-2.4242
-2.4135
-2.2285
-2.2647
-2.1733
-2.4077
-2.4198
-2.3833
-2.3952
-2.2645
-2.2565
-2.2829
-2.1782
-2.4002
-2.1767
-2.4175
-2.4221
-2.336
-2.3732
-2.3008
-2.2114
-2.2273
-2.1931
-2.1703
-2.1886
-2.2611
-2.3408
-2.4094
-2.1702
-2.1874
-2.2351
-2.2087
-2.4192
-2.1892
-2.3025
-2.4262
-2.2725
-2.2758
-2.4294
-2.2853
-2.3832
-2.4259
-2.3687
-2.4075
-2.2176
-2.2992
-2.4148
-2.1983
-2.2861
-2.238
-2.3533
-2.42
-2.1985
-2.4296
-2.2717
-2.4202
-2.3005
-2.2603
-2.3438
-2.2207
-2.3438
-2.2718
-2.4264
-2.1729
-2.4266
-2.3526
-2.4271
-2.2906
-2.4065
-2.17
-2.1752
-2.2386
-2.2988
-2.27
-2.17
-2.43
-2.295
-2.4222
-2.3338
-2.3023
-2.3901
-2.4175
-2.1701
-2.1703
-2.2531
-2.3862
-2.1753
-2.342
-2.3383
-2.2915
-2.199
-2.2319
-2.2337
-2.1849
-2.1844
-2.3094
-2.3768
-2.3911
-2.2815
-2.3797
-2.4293
-2.3844
-2.2426
-2.4105
-2.2687
-2.428
-2.2239
-2.3306
-2.1717
-2.4274
-2.3233
-2.1968
-2.3958
-2.3909
-2.2754
-2.2222
-2.1783
-2.2226
-2.427
-2.3348
-2.1829
-2.1735
-2.2977
-2.2773
-2.1764
-2.1816
-2.3675
-2.1974
-2.1707
-2.1708
-2.2219
-2.2374
-2.2222
-2.2222
-2.3098
-2.4299
-2.2934
-2.4215
-2.2567
-2.2921
-2.3688
-2.4126
-2.3383
-2.2927
-2.3589
-2.3986
-2.2742
-2.2453
-2.3167
-2.3082
-2.2505
-2.2203
-2.4165
-2.1883
-2.3489
-2.4102
-2.3812
-2.273
-2.3403
-2.3535
-2.4108
-2.2999
-2.3524
-2.189
-2.3541
-2.3095
-2.2027
-2.2192
-2.4258
-2.3391
-2.43
-2.2517
-2.3735
-2.3127
-2.2531
-2.1786
-2.3651
-2.1991
-2.4264
-2.4274
-2.1723
-2.1773
-2.3498
-2.429
-2.1859
-2.2302
-2.2557
-2.1703
-2.17
-2.1904
-2.364
-2.2319
-2.2813
-2.306
-2.3766
-2.3124
-2.3707
-2.3991
-2.3147
-2.4075
-2.1706
-2.1963
-2.4086
-2.3539
-2.3245
-2.2244
-2.4153
-2.2709
-2.3829
-2.1948
-2.3635
-2.3605
-2.2457
-2.283
-2.3426
-2.4236
-2.2489
-2.1799
-2.357
-2.43
-2.3098
-2.2261
-2.4283
-2.3965
-2.177
-2.4213
-2.2821
-2.3313
-2.4283
-2.43
-2.2879
-2.2021
-2.1831
-2.1704
-2.3006
-2.2131
-2.405
-2.4276
-2.2756
-2.4275
-2.1847
-2.4183
-2.4268
-2.3647
-2.3733
-2.1725
-2.3531
-2.2848
-2.1723
-2.1764
-2.2162
-2.2188
-2.2765
-2.2789
-2.1737
-2.2089
-2.4247
-2.3242
-2.2779
-2.3495
-2.1712
-2.1717
-2.2021
-2.4252
-2.3419
-2.3455
-2.3902
-2.4256
-2.3723
-2.2006
-2.363
-2.2514
-2.205
-2.3395
-2.2154
-2.3614
-2.1709
-2.2052
-2.1738
-2.254
-2.2213
-2.242
-2.2252
-2.1712
-2.3318
-2.2669
-2.4236
-2.3492
-2.4208
-2.1719
-2.313
-2.2705
-2.17
-2.4195
-2.4164
-2.267
-2.4289
-2.3573
-2.3742
-2.4257
-2.17
-2.337
-2.4179
-2.2416
-2.4296
-2.2358
-2.2756
-2.358
-2.1935
-2.1714
-2.4292
-2.1712
-2.2941
-2.3922
-2.1912
-2.395
-2.1783
-2.2154
-2.3455
-2.4261
-2.1703
-2.1706
-2.321
-2.3683
-2.1706
-2.2574
-2.4181
-2.3927
-2.3769
-2.2466
-2.3317
-2.1934
-2.1704
-2.17
-2.3328
-2.3106
-2.2136
-2.4286
-2.2758
-2.2159
-2.2736
-2.3646
-2.3237
-2.3828
-2.1965
-2.4275
-2.2891
-2.2593
-2.347
-2.4233
-2.3886
-2.1768
-2.3662
-2.3244
-2.3881
-2.335
-2.4262
-2.4286
-2.3445
-2.429
-2.1981
-2.4299
-2.1867
-2.3664
-2.1964
-2.3129
-2.2589
-2.1787
-2.1841
-2.1719
-2.428
-2.1729
-2.1724
-2.1719
-2.2701
-2.429
-2.1708
-2.2748
-2.4185
-2.1785
-2.243
-2.1702
-2.2177
-2.343
-2.258
-2.371
-2.4054
-2.3639
-2.2967
-2.2071
-2.2942
-2.3165
-2.4299
-2.3491
-2.3048
-2.1704
-2.3392
-2.3514
-2.1796
-2.4219
-2.4296
-2.4272
-2.3028
-2.239
-2.2392
-2.1709
-2.1939
-2.2582
-2.3188
-2.2167
-2.3769
-2.1769
-2.2487
-2.299
-2.3588
-2.3271
-2.2296
-2.253
-2.175
-2.2772
-2.1736
-2.1905
-2.1984
-2.2253
-2.4145
-2.4055
-2.1711
-2.4283
-2.4031
-2.4112
-2.3746
-2.2233
-2.1868
-2.4279
-2.1898
-2.419
-2.43
-2.4243
-2.4204
-2.276
-2.1728
-2.4287
-2.1708
-2.4277
-2.3267
-2.2656
-2.3704
-2.1722
-2.1959
-2.2547
-2.4294
-2.3478
-2.4222
-2.1703
-2.179
-2.4214
-2.4126
-2.3577
-2.1973
-2.3696
-2.3952
-2.4211
-2.4251
-2.3497
-2.3844
-2.2036
-2.1797
-2.3304
-2.3427
-2.4295
-2.1883
-2.4289
-2.282
-2.4268
-2.3555
-2.4151
-2.4284
-2.4274
-2.43
-2.4297
-2.28
-2.1711
-2.2067
-2.3501
-2.4294
-2.2926
-2.4244
-2.1739
-2.1949
-2.3046
-2.4237
-2.374
-2.1909
-2.21
-2.267
-2.3946
-2.3329
-2.304
-2.3369
-2.2014
-2.1729
-2.4008
-2.2889
-2.2502
-2.246
-2.3092
-2.294
-2.312
-2.4246
-2.1767
-2.3708
-2.3317
-2.1796
-2.3311
-2.3715
-2.256
-2.2092
-2.4262
-2.3203
-2.1841
-2.3924
-2.3759
-2.4084
-2.4054
-2.2435
-2.386
-2.267
-2.3705
-2.2312
-2.3841
-2.4211
-2.4075
-2.3346
-2.2111
-2.4054
-2.3975
-2.2992
-2.17
-2.3358
-2.3896
-2.1845
-2.3039
-2.3288
-2.372
-2.4211
-2.1705
-2.4122
-2.4256
-2.3245
-2.425
-2.4143
-2.197
-2.2915
-2.1783
-2.3966
-2.2326
-2.2586
-2.2395
-2.43
-2.4274
-2.1885
-2.427
-2.2199
-2.3073
-2.3582
-2.3283
-2.282
-2.1701
-2.3703
-2.3864
-2.242
-2.2961
-2.1727
-2.2629
-2.3572
-2.1747
-2.4115
-2.1701
-2.344
-2.3163
-2.195
-2.1801
-2.2544
-2.4298
-2.2625
-2.3193
-2.3854
-2.3799
-2.2728
-2.186
-2.426
-2.4229
-2.3903
-2.2785
-2.3539
-2.3354
-2.43
-2.4104
-2.412
-2.4265
-2.4289
-2.3641
-2.2267
-2.3798
-2.1856
-2.1724
-2.4251
-2.4159
-2.1844
-2.2633
-2.3678
-2.2579
-2.2535
-2.1839
-2.3894
-2.205
-2.429
-2.428
-2.3831
-2.3783
-2.4047
-2.4299
-2.3907
-2.3458
-2.306
-2.2162
-2.1772
-2.3351
-2.2124
-2.2108
-2.3655
-2.2584
-2.4068
-2.4294
-2.1861
-2.2443
-2.1701
-2.4227
-2.4285
-2.3976
-2.2439
-2.2486
-2.1955
-2.43
-2.2647
-2.4239
-2.3877
-2.3888
-2.4228
-2.2114
-2.1946
-2.1948
-2.2776
-2.3181
-2.1773
-2.3417
-2.4246
-2.4249
-2.3595
-2.1784
-2.4212
-2.3915
-2.2223
-2.276
-2.2617
-2.4064
-2.1903
-2.255
-2.2873
-2.4223
-2.4294
-2.2573
-2.1712
-2.4108
-2.295
-2.2365
-2.1738
-2.2987
-2.313
-2.4106
-2.259
-2.188
-2.17
-2.2053
-2.33
-2.3289
-2.2854
-2.2172
-2.1739
-2.1705
-2.179
-2.4295
-2.4066
-2.3584
-2.1709
-2.1765
-2.1712
-2.1752
-2.4011
-2.3876
-2.4298
-2.2521
-2.3646
-2.3668
-2.2562
-2.3702
-2.3836
-2.1924
-2.2021
-2.3572
-2.1708
-2.3948
-2.4243
-2.2345
-2.2518
-2.2578
-2.1759
-2.1778
-2.2749
-2.423
-2.2112
-2.3626
-2.3549
-2.1861
-2.4228
-2.2139
-2.2259
-2.2223
-2.175
-2.4057
-2.2538
-2.2201
-2.4281
-2.4236
-2.3873
-2.3868
-2.3178
-2.2547
-2.3406
-2.3003
-2.3726
-2.2538
-2.4188
-2.213
-2.2921
-2.2064
-2.3804
-2.2758
-2.308
-2.2952
-2.4299
-2.2712
-2.1862
-2.1753
-2.2049
-2.3016
-2.1715
-2.38
-2.4233
-2.4255
-2.3126
-2.3764
-2.2696
-2.3449
-2.198
-2.3893
-2.3824
-2.2542
-2.4145
-2.2166
-2.3804
-2.305
-2.2902
-2.219
-2.3
-2.187
-2.3302
-2.3353
-2.4016
-2.2231
-2.3556
-2.4293
-2.4109
-2.2937
-2.3103
-2.4241
-2.2627
-2.2878
-2.1727
-2.2529
-2.3785
-2.1763
-2.1849
-2.3523
-2.4242
-2.2631
-2.3901
-2.348
-2.2122
-2.1712
-2.4042
-2.1755
-2.3879
-2.4042
-2.3695
-2.3477
-2.2854
-2.4068
-2.3766
-2.3995
-2.1861
-2.3519
-2.1844
-2.2285
-2.4261
-2.1907
-2.4027
-2.4286
-2.4286
-2.2407
-2.4277
-2.413
-2.3807
-2.3368
-2.2433
-2.3636
-2.1904
-2.3687
-2.2631
-2.4225
-2.4246
-2.1994
-2.4268
-2.1949
-2.2699
-2.3195
-2.3646
-2.3423
-2.2657
-2.3672
-2.1966
-2.3103
-2.3646
-2.1997
-2.4267
-2.2006
-2.1707
-2.2741
-2.2579
-2.3752
-2.4255
-2.4291
-2.3214
-2.2378
-2.4116
-2.3013
-2.1711
-2.4292
-2.1823
-2.3216
-2.3923
-2.2484
-2.3925
-2.2319
-2.1812
-2.2289
-2.227
-2.4217
-2.4105
-2.2333
-2.17
-2.3932
-2.1714
-2.2713
-2.2338
-2.3273
-2.4251
-2.2833
-2.3359
-2.2684
-2.1703
-2.3767
-2.4237
-2.1869
-2.4183
-2.3963
-2.2626
-2.4108
-2.3776
-2.2901
-2.4089
-2.3188
-2.3089
-2.1707
-2.3773
-2.1812
-2.317
-2.4195
-2.272
-2.4183
-2.4201
-2.1796
-2.3456
-2.1841
-2.1903
-2.1924
-2.2479
-2.3181
-2.1774
-2.1974
-2.3608
-2.3585
-2.2926
-2.3031
-2.415
-2.1708
-2.363
-2.2304
-2.3277
-2.4038
-2.3527
-2.2213
-2.2784
-2.2336
-2.3252
-2.4168
-2.406
-2.1919
-2.43
-2.2475
-2.4253
-2.1702
-2.2375
-2.2781
-2.3336
-2.2543
-2.4004
-2.4297
-2.3993
-2.2106
-2.2104
-2.276
-2.17
-2.3518
-2.2217
-2.2999
-2.1732
-2.2916
-2.3265
-2.4174
-2.3963
-2.2301
-2.4207
-2.4259
-2.1775
-2.3318
-2.4255
-2.4019
-2.3373
-2.352
-2.43
-2.2116
-2.1825
-2.1719
-2.4192
-2.3636
-2.2542
-2.3728
-2.2807
-2.3116
-2.17
-2.2566
-2.43
-2.4096
-2.3525
-2.4247
-2.4199
-2.3223
-2.2388
-2.339
-2.1704
-2.4142
-2.1703
-2.4205
-2.2974
-2.3853
-2.2923
-2.3944
-2.3764
-2.2761
-2.1734
-2.2412
-2.1771
-2.2373
-2.4168
-2.3704
-2.2274
-2.1927
-2.3823
-2.17
-2.2174
-2.2397
-2.4135
-2.1801
-2.1765
-2.3098
-2.2412
-2.2605
-2.2776
-2.2676
-2.4221
-2.187
-2.1715
-2.4189
-2.2588
-2.3565
-2.3796
-2.337
-2.2193
-2.1892
-2.1721
-2.4293
-2.3732
-2.3837
-2.1719
-2.2713
-2.413
-2.4096
-2.21
-2.4196
-2.1771
-2.3412
-2.213
-2.4288
-2.288
-2.1881
-2.1917
-2.4291
-2.4051
-2.186
-2.2805
-2.1738
-2.1849
-2.1729
-2.3562
-2.2051
-2.2901
-2.3502
-2.1905
-2.3606
-2.1912
-2.3452
-2.2476
-2.3934
-2.2575
-2.3692
-2.3839
-2.4177
-2.2104
-2.4129
-2.2509
-2.2516
-2.3864
-2.4029
-2.3842
-2.4292
-2.4294
-2.2499
-2.2281
-2.3967
-2.1849
-2.329
-2.4233
-2.1963
-2.1705
-2.2994
-2.2488
-2.3679
-2.1873
-2.4025
-2.1729
-2.2628
-2.3509
-2.3891
-2.1742
-2.426
-2.3247
-2.2161
-2.1713
-2.4296
-2.2727
-2.2865
-2.3345
-2.2223
-2.35
-2.176
-2.282
-2.2365
-2.173
-2.2153
-2.1806
-2.1833
-2.4032
-2.2982
-2.2256
-2.3888
-2.3215
-2.2753
-2.2109
-2.2135
-2.2305
-2.4252
-2.4234
-2.2177
-2.2996
-2.41
-2.2452
-2.3661
-2.2152
-2.3967
-2.4131
-2.186
-2.3056
-2.198
-2.3335
-2.4289
-2.3735
-2.4272
-2.37
-2.3547
-2.4142
-2.4085
-2.4276
-2.2828
-2.3712
-2.2872
-2.2465
-2.2004
-2.338
-2.3937
-2.17
-2.4284
-2.3755
