115.35
-899.74
-10.136
2.4486
-174.55
253.66
-1000.5
-689.98
-332.92
-654.09
-872.65
531.07
-523.24
165.26
-966.88
1085.1
-326.82
329.79
1133.8
84.963
-1134.1
-401.79
-1009.6
701.48
-234.45
-896.8
508.52
394.11
-536.04
-14.184
589.31
-73.32
942.64
-340.33
631.21
-1033.6
-1187.2
209.38
869.13
195.28
1103
-391.7
-443.92
581.2
-851.77
1206.4
-552.11
-847.37
601.83
-808.47
727.07
642.51
-1002.4
1174.7
422.28
-517.82
-558.69
16.698
176.72
-747.4
226.07
-161.29
-904.55
-825.63
-686.24
-499.01
683.38
-426.72
174.4
303.69
-393.65
1209.6
522.34
259.15
-352.07
-742.84
-678.15
-1065.6
689.96
-790.12
-722.35
-1050.2
698.47
-693.94
-660.43
558.62
518.46
-656.91
-242.74
213.69
-10.357
1112.1
953.57
545.36
-992.08
-446.47
-774.45
-959.13
-532.13
1197
-146.49
-720.16
587.59
1158.7
12.253
1114.7
1032.1
36.246
-357.41
330.47
-545.86
-388.54
728.31
-635.26
-751.24
908.49
-1187.4
761.46
-83.915
-250.37
-203.89
-471.79
-50.733
-473.54
-478.04
804.03
-3.9434
287.02
424.15
-732.82
-208.72
232.03
-274.55
269.48
-1174.2
42.421
99.873
1064.9
1069.4
-198.7
-500.98
-1198.6
-360.89
4.8539
-1007
-784.61
347.41
1044.6
818
-387.98
-1147.6
-654.7
347.99
108.9
-530.82
-328.4
235.86
809.23
529.95
-891.97
-670.03
-686.73
-588.19
949.37
573.06
26.618
-85.077
-1143.3
-180.8
-577.35
-320.45
-801.79
567.57
-448.27
381.67
397.17
64.512
173.49
670.86
1064.7
1127
-1179.8
-1122.8
1106.2
-305.9
206.3
186.08
-211.13
74.011
-312.7
825.44
191.1
-924.09
531.31
-1000.8
-562.53
-970.87
-247.92
367.04
1079.7
-606.37
-459.04
276.28
492.87
-514.46
-758.8
70.82
-536.85
-122.71
-1117.7
1065
-926.47
59.871
688.41
-422.39
290.42
-1029.8
-1118.3
-1032.5
853.24
755.09
-441.32
542.9
847.7
-1063.7
398.73
786.31
-959.84
-985.67
238.67
352.36
-1040.7
1111.4
-937.8
-1203
319.37
856.64
-129.33
910.85
777.2
-782.35
-936.8
-111.66
1052.8
362.67
-1139.5
1203.7
175.32
767.72
-446.01
-939.59
-1071
922.27
-1027.4
13.864
-797.78
-992.3
-1012.5
-595.04
222.62
-537.02
-646.85
-713.48
-443.56
1072.8
-321.16
-1125.5
-502.68
850.78
-62.827
32.487
-692.61
1031.3
-811.24
-518.21
-1203.7
-153.35
-279.14
1197.2
-574.49
-713.92
-983.14
-875.81
1045.2
753.36
902.88
881.18
-668.36
456.9
-484.89
655.36
802.33
712.64
269.48
-865.04
1025.9
-185.19
-900.81
-1035.1
171.65
-877.9
-920.15
-289.86
1205
-360.96
991.87
-72.336
-571.01
-595.51
-825.63
147.5
-742.52
-974.15
-483.77
-651.35
258.86
-51.372
1043.9
-163.97
271.93
-1028.3
-1152.4
-888.71
-853.91
-56.48
-215.05
680.37
218.53
-680.6
945.19
1015.5
353.17
-268.96
1077.8
273.61
844.63
-781.08
1004.3
-818.41
-894.47
-541.71
-371.8
-998.55
-746.75
-420.79
661.1
991.58
-358.92
-269.81
-827.62
844.63
-695.62
-1212.2
1123.1
1158.6
713.1
-764.39
-851.26
-585.1
283.91
1081.4
-111.01
-528.17
-1184.8
-962.22
896.3
-858.29
490.36
358.37
-707.72
-281.33
715.5
664.79
686.13
25.429
-589.04
244.16
158.45
-352.09
-822.05
58.293
-837.17
985.84
488.81
1056
65.326
-545.81
-653.1
-456.27
-324.85
1203.3
-841.71
809.28
-548.22
1004.4
-67.192
1182.8
-1001.3
253.59
-1120.3
-499.35
-34.095
-803.59
266.27
12.867
695.7
-870.99
-376.9
-860.28
-26.567
-71.695
829.11
80.79
772.68
620.08
-1118.6
-959.81
-508.46
110.2
-918.11
258.35
390.54
-337.17
-565.71
946.65
-301.89
425.29
-426.55
752.97
-996.72
-385.41
3.5519
-893.18
1133
-220.58
1146.7
334.7
-94.123
-602.14
-780.99
217.9
-825.8
-237.32
337.35
489.3
-124.98
-544.62
-1050.5
48.073
137.5
751.76
264.86
19.236
103.85
-110.95
-554.22
801.48
-64.434
350.42
236.57
-883.07
-609.31
-414.37
-1080.1
537.56
709.74
1163.7
-972.4
485.41
-883.39
-446.5
-210.11
-1150.9
290.81
3.7236
-375.59
-1194.5
458.26
-362.86
1173
770.79
-152.57
178.11
1146.9
1058.8
94.095
1016.8
636.29
1164.8
-194.8
-764.56
942.71
1152.5
861.55
-1096.5
-721.5
804.73
-427.64
945.04
-892.55
1104.4
-651.95
-1082.3
229.44
987.3
800.63
1033.4
-214.82
153.23
394.57
-828.98
882.57
-224.02
735.28
-768.28
1186.7
876.25
788.5
-227.81
-1046.7
270.62
1194.7
-152.4
-828.08
941.57
-815.64
-1209.2
886.96
1153.5
539.99
537.77
122.93
249.48
-955.7
459.97
792.66
701.43
-969.77
1011.2
-333.82
-424.48
1111.2
-992.74
618.35
-300.45
-997.86
1166.7
432.12
800.65
1125.8
320.43
-1144.2
-8.7718
-766.97
279.49
-293.89
324.78
845.12
612.37
-301.01
458.48
-1085.4
742.87
548.73
-1126.8
5.7635
1041.9
-610.79
1024.9
-844.22
-654.89
817.81
687.87
487.35
846.94
-898.4
-821.06
-723.35
79.685
918.85
215.06
-421.61
452.87
-1030
-515.58
226.94
-792.58
-700.75
952.89
920.01
-762.52
-480.18
-364.63
-783.32
-776.27
685.49
429.78
97.681
296.35
-576.14
-454.83
861.09
-1069.8
-396.08
1076.8
-896.95
624.69
-1051.6
1090.2
374.99
-962.53
-240.78
172.18
322.31
-557.89
584.99
-305.22
664.91
591.43
1080.4
-975.78
-437.41
-1211.9
-3.4599
1139.7
-1155
1.4003
-201.96
796.62
533.06
-1111.4
644.48
-768.67
234.99
243.43
845.56
874.86
-841.3
573.81
885.17
1093.6
-282.16
-986.3
-729.96
-336.49
1032.2
-146.48
-297.03
-59.661
-1007.8
-52.143
660.8
-849.39
-475.78
1179.9
-250.76
399.36
662.24
278.13
-781.01
-1166
-732.9
121.51
-458.96
-723.03
0.22973
266.83
749.48
282.04
-227.77
-68.604
-1195.7
-152.47
-823.76
-73.281
770.52
116.01
-1112.9
-533.54
-1085.3
-359.09
-872.36
-339.04
-722.21
-505.67
608.34
706.25
1202.4
917.44
-711.12
-702.43
1077.2
407.14
-995.19
-25.097
-838.09
914.11
936.68
388.6
-1147.8
1114.6
356.25
-994.71
-528.17
650.26
-737.39
-1152.9
-893.3
-365.34
462.13
-981.1
-0.32644
-892.74
309.82
108.15
253.78
741.6
55.99
-967.88
435.11
775.62
-299.7
-1213.3
-1173.8
-582.77
1077.5
-239.36
-849.08
-472.38
-810.8
-304.25
400.65
564.5
-885.45
-609.75
1159.2
496.93
-174.38
-863.97
-99.178
245.18
619.13
-760.87
786.39
-657.32
987.96
1103.6
5.258
-406.38
-740.75
-1021.2
-815.78
324.42
629.43
-32.275
-563.62
296.86
827.72
-731.76
698.93
94.86
23.524
140
-438.19
-213.98
984.38
891.78
1028.3
156.45
-760.67
430.68
-345.19
-775.59
-208.71
732.9
-602.82
402.5
-783.42
-163.46
-980.59
-482.12
535.44
-281.43
-148.13
-1191.3
-794.18
-1011.3
378.54
-156.6
347.8
45.103
-893.59
-170.26
1200.7
-288.43
825.19
-1095.1
-776.52
495.37
-489.65
-184.94
83.641
661.63
-635.04
306.8
531.31
-681.58
-24.477
939.33
1215.5
697.91
-817.75
309.99
-420.3
243.44
605.69
882.52
-1063.9
262.33
-204.81
-207.24
-306.97
-623.89
20.096
1163.3
-100.77
1159
-1107.5
128.3
913.74
-485.69
-1060.5
229.97
-749.98
-494.76
-641.41
319.41
-1121.6
-122.15
-694.02
-271.1
-1131.6
1081.8
-97.183
707.51
-953.61
634.54
1150.3
-989.55
-300.5
39.957
-1203.8
1088.7
-116.23
1175.6
-646.92
-320.67
-574.73
-1181.2
-1042.4
-294.23
147.07
-639.83
222.38
957.8
368.43
11.025
352.44
631.57
-414.15
118.65
637.4
-845.33
1011.3
575.78
994.54
266.15
306.75
-344.24
938.46
-572.13
-959.2
-424.14
63.025
-773.62
101.2
-501.2
1131.5
-360.33
-160.52
840.07
-386.43
370.01
68.145
-1049.5
-478.21
-13.011
410.83
1207.6
330.62
660.32
-585.15
-730.15
-633.56
48.211
289.99
-970.72
-226.27
1146.6
367.41
689.04
-1019.1
-45.667
-1051.8
-157.25
113.67
869.76
-260.36
801.94
-585.08
-1090.3
1007.5
508.71
447.79
634
-1138.5
293.49
42.258
174.06
195.81
-703.2
796.23
-439.82
-138.12
-766.55
-571.13
-1035.2
607.9
-263.47
301.16
-858.31
-309.03
-854.76
-348.52
-41.963
162.82
171.29
733.7
772.46
16.298
9.1047
502.44
90.105
989.61
1092.8
241.36
551.82
-175.13
-1192.3
76.808
-691.54
-768.01
1103.7
595.56
-617.11
-955.61
1214.7
399.51
-72.402
-1049.6
24.204
130.07
-453.08
-332.9
607.22
734.68
246.27
-494.1
432.58
-240.93
114.65
355.99
460.67
379.95
-704.78
1106.1
-51.022
-91.915
-44.214
-849.44
-930.99
447.65
865.48
-861.93
-136.43
-1171
-990.99
439.36
1077.1
-86.27
1116.3
-1.6429
690.65
410.34
-302.18
-1048.7
358.88
-136
-848.66
-1037.4
653.44
-781.4
-690.3
179.39
333.17
-679.68
-128.26
509.88
-1169.1
141.23
119.02
-1189.8
-114.41
-396.68
-369.18
-153.34
-276.37
311.52
504.31
-630.59
471.41
-739.41
-149.53
376.54
-738.88
668.7
-1056
-1139.3
1212.1
472.48
1091.1
944.19
1125.1
-968.83
975.03
74.368
777.25
610.77
944.85
763.18
-672.12
-844.77
641
1137.9
986.21
-740.38
-845.07
-75.15
997.04
-751.34
411.8
-120.23
733.15
270.06
-183.77
-89.239
1065.2
1004.3
258.18
923.54
-428.35
662.55
-358.09
-455.76
753.07
62.06
-329.83
339.58
-741.96
564.77
-574.66
-634.8
55.893
753.58
-185.32
310.5
-775.67
384.27
-492.11
1190.4
-119.41
-359.58
208.02
933.72
760.6
445.7
1202.4
-677.52
1019.9
961.59
951.55
-526.52
-453.4
40.773
1036.5
84.591
437.95
-940.15
260.58
-533.81
-933.18
908.52
412.7
-863.15
682.48
-267.84
-448.2
879.07
1010.5
-551.64
862.88
-1052.4
327.8
921.96
-929.7
1026
256.38
-1103.9
-1129.1
-905.09
889.39
60.097
-756.2
-1010.9
-541.19
-968.87
952.33
888.93
-512.76
-917.38
566.18
-626.56
-1045.2
-352.07
-185.38
-7.1491
547.13
1026.8
466.53
721.58
821.09
-1099.1
867.79
-234.04
155.05
-1182.6
695.02
-33.565
-407.06
60.502
721.65
411.15
765.98
1069.9
254.9
-143.44
584.5
-595.6
-240.97
689.82
523.05
406.34
-321.26
-777.76
-137.68
763.62
-847.11
-1163.2
751.57
-356.56
-676.06
757.62
-959.74
-598.08
743.33
-472.91
492.55
436.42
-529.75
-739.75
-558.5
-826.21
-579.78
-932.64
118.01
390.52
-140.92
-24.793
1100.7
-732.85
820.82
-486.88
349.23
-45.453
-1064.6
-39.14
337.2
-277.52
-576.79
263.52
-200.31
-328.33
-1091.7
13.269
294.07
1087.1
600.52
937.8
-118.99
189.48
299.15
-631.69
-897.12
-597.4
-648.92
-605.49
-715.11
704.06
-83.478
-1019.5
-1076.3
362.28
-924.48
-2.2935
290.28
-661.87
1124.8
609.07
-269.69
-499.06
969.27
-275.45
-1184.1
-888.71
323.45
126.93
-599.17
-248.91
-789.64
639.57
713.66
-51.005
-1005.4
288.72
1147.4
4.2345
-57.207
1214.7
529.07
-71.85
-1167.2
38.693
480.98
-1031.8
-1014.3
301.82
-209.69
-195.98
99.13
-1031.6
172.65
805.68
-493.45
351.64
-878.48
838.78
789.23
615.56
1014.4
-116.53
501.96
430.12
-224.27
996.87
879.87
-642.82
158.57
2.4806
1089.2
-1173.8
-461.05
1135
848.13
-972.11
-1112.5
995.73
132.34
833.48
-451.62
50.24
-738.73
-1181.5
1086.7
84.12
-969.36
-116.53
605.55
79.541
1042.7
-253.77
-824.24
843.54
-815.52
861.94
835.45
-36.165
667.27
840.96
-242.06
147.2
43.541
-503.31
1026.1
-234.13
996.34
-38.311
-219.23
485.29
828.13
-749.74
892.02
285.3
-138.76
375.69
-925.62
516.8
-963.29
164.88
578.28
1019.7
924.02
-313.72
509.54
-288.13
-131.81
-649.69
205.45
-1178.9
-220.66
-281.84
-864.36
584.41
-424.19
-282.89
1190
300.46
-231.77
-648.92
1133
-861.54
-238.96
79.451
-968.12
197.86
-959.52
234.54
-51.623
770.15
180.67
-701.62
-165.97
-161.74
903.66
601.78
-249.59
-808.93
103.22
-1164.2
-921
327.46
-35.4
1204
387.87
1149.3
926.67
498.7
-1010.9
-139.91
-1212.2
435.62
669.43
1002.4
-352.6
108.08
373.75
-782.01
1179.6
-1206.8
-737.71
-75.583
139.8
-595.97
1204.3
-128.09
-1079.1
478.89
-635.92
-485.18
-591.23
-1001.7
165.41
-566.71
-1135.6
341.99
246.76
-749.13
458.19
-458.96
-177.04
-286.34
304.54
693.03
231.51
369.91
218.89
-826.7
-1111.1
-880.47
-526.54
625.89
-204.93
-859.5
570.24
413.45
330.76
105.69
-600.9
-1033.9
-272.58
1106.4
-1154.7
223.54
935.61
200.59
527.23
527.86
-292.1
-838.55
-830.7
-89.407
-1128.3
551.94
613.61
-118.5
-516.36
-867.57
-13.728
-326.21
684.11
-874.64
600.35
294.63
992.43
531.02
-927.78
902.32
-1053.1
-1210.1
-468.22
-250.37
-518.64
363.76
-581.07
1182.6
421.74
407.99
704.71
-1044.8
-622.33
25.557
890.29
1210.2
268.46
-1157.1
987.25
699.9
22.351
620.3
271.32
-187.6
-614.24
-712.1
-427.3
-346.33
-221.99
36.572
994.93
-929.27
-775.93
-73.481
-454.93
1051.2
919.53
1190.8
-741.09
777.74
279.1
-641.82
711.4
-160.19
-898.31
172.28
-902.78
-683.86
-76.783
-23.369
-743.35
-921.51
428.23
1192.7
383.54
-663.25
798.59
-307.84
481.42
353.8
-1151.9
-489.95
987.23
386.07
-479.59
198.01
-312.75
-802.59
-1112.8
1173.7
207.86
288.63
-532.98
979.01
-144.29
-623.69
-1107.7
-917.21
-4.8015
489.78
-428.35
-1182.2
367.97
-751.95
50.77
1037.7
-77.322
895.54
-188.1
943.49
-310.71
-891.58
-170.06
-265.73
1174.1
1166.9
-466.3
1051
729.33
1064.5
291.42
-319.65
-218.84
535.13
325.44
180.48
765.63
-857.75
-566.13
-303.44
-962.99
583.24
-421.2
233.41
953.86
-513.83
588.49
-55.377
-205.59
797.86
60.979
-56.155
878.29
-895.93
-910.72
-892.26
372.66
1163.7
216.95
-199.55
-1191.7
963.46
1156.5
1195.7
1027.7
-770.78
152.42
1.4344
887.09
-317.73
982.12
281.75
662.77
564.29
1152.3
709.7
-95.244
645.33
1148.8
-591.28
1011.8
-400.38
-772.51
-157.99
634.76
1013.3
5.9117
-302.86
661.51
-752.31
-54.335
198.79
869.95
418.22
-743.35
1055
241.97
375.55
-301.14
-416.22
-1135.4
-148
781.87
371.66
1203.1
244.26
46.941
-1038
397.54
-216.87
-582.02
642.19
926.7
119.09
-116.37
1059.3
-1010.7
-319.09
-1132.9
-1101.7
343.2
26.322
151.74
-529.51
435.88
309.84
509.32
281.92
-120.97
554.37
1179.7
85.347
681.68
1196
333.48
-549.38
252.05
332.15
1000.5
282.58
1079.7
-592.01
-731.78
-134.83
918.09
-366.84
-952.16
644.89
964.53
-755.03
423.22
40.183
881.13
-488.93
-476.41
-676.16
-873.64
1117
440.62
742.21
89.551
782.72
-575.73
477.15
854.57
-1001.7
1133.4
489.81
-1029.9
1077.7
1125.3
-268.77
188.54
772.27
-1027.4
889.27
-772.7
814.82
830.3
22.511
50.216
-321.86
1030.9
488.13
1194
1141.2
-988.1
-312.87
74.866
-1017.6
498.04
-370.29
-940.57
1075.4
-709.57
-1189.6
897.17
435.64
-796.2
-784.15
963.51
-1016.6
-1038.9
-1156.5
177.77
-422.73
62.109
-236.79
315.6
321.41
-380.72
1111.3
-403.41
417.2
-1149.8
880.67
-398.97
1022.3
-615.46
-1024.7
-524.67
-477.29
298.42
200.31
468.91
-864.58
-367.79
301.41
873.89
-67.52
465.02
-985.59
-1073.5
791.81
-992.81
-711.93
714.14
443.17
-71.352
968.15
-220.7
386.85
1115.5
-480.01
547.98
613.69
-762.35
167.73
-1064.9
446.94
411.58
-887.32
956.8
-801.16
108.76
-1129.3
765.95
232.67
-227.34
351.59
-323.22
1216.5
502.27
-735.21
802.43
-478.38
57.504
304.98
-1201.9
670.72
-697.3
-717.76
717.93
-557.57
805.39
1209.9
-252.66
972.7
76.518
-1013.6
-196.36
-1167.5
977.26
-302.28
-1184.7
4.3645
-136.01
858
3.6667
-940.78
709.67
1058.2
866.38
-836.76
-1015.9
313.24
-977.82
-1132.2
-427.06
354.04
206.36
419.97
712.81
-289.57
-1020.8
-158.34
695.26
-472.57
570.26
-969.94
-793.6
1034.6
702.43
679.13
918.43
997.19
1047.4
-231.7
-510.8
654.54
1080.2
-534.49
-311.58
-549.53
-62.73
1120.7
-966.15
100.34
-466.13
-844.92
-186.46
-425.6
138.64
-765.24
-691.22
160.16
994.59
487.33
938.24
592.52
-132.85
-925.23
1069
235.95
-409.08
-501.44
11.488
839.39
1084.5
847.96
108.53
52.211
65.28
305.51
-535.92
54.755
-410.95
-544.96
-307.26
1183.3
617.21
-129.67
841.82
5.0313
127.62
591.48
-551.45
-274.6
617.84
-14.295
402.96
978.11
-401.11
-495.19
288.55
-770
-697.91
746
-949.24
432.43
-739.87
-309.98
98.085
-603.16
534.1
-433.01
-1122
759.39
-1103.3
-490.46
-474.9
89.986
-921.34
719.08
7.7684
-659.41
806.58
-937.77
1214.9
629.24
46.428
-55.231
-551.23
1127
-437.17
-112.76
82.29
690.18
-211.46
997.38
-920.25
906.67
369.45
-164.89
-880.13
-1168.7
-324.68
-1171.4
-67.824
-893.5
839.56
1113.1
-736.83
579.28
-1078.3
36.79
-924.79
348.21
-818.17
-1063.6
143.73
-862.59
-318.51
-724.54
-1213
754.87
981.03
-142.64
-324.46
-326.94
-513.91
815.84
1158
-692.71
404.97
-142.41
-210.36
843.69
7.3157
-656.91
516.83
-163.23
-202.68
1049.6
-855.93
-1165.2
-183.07
1087.3
562.34
-455.49
-836.59
1190.1
859.12
423.42
-558.5
979.77
-567.75
860.94
-194.95
-1005.2
1059.7
787.85
1052.4
334.55
1183.8
315.65
-170.75
-540.27
801.84
1045.2
1106.2
-807.81
-775.13
1089.5
322.5
114.41
357.83
1192.9
762.38
1006
145.24
-453.18
-134.61
-567.15
-866.62
650.5
266.46
-684.25
-72.9
717.64
210.73
1006.5
613.95
753.24
553.2
840.84
283.18
277.42
-1189.9
155.01
861.98
-115.33
-391.34
-1006.5
961.13
-132.79
957.97
67.605
-112.63
-1179.1
-562.6
727.31
-714.38
348.62
472.19
-977.55
583.19
1158.5
627.05
-711.54
-788.16
999.86
-558.3
-753.12
-155.3
1003.7
-751.44
509.49
642.22
-552.11
-496.41
1122.3
-694.87
-288.6
409.15
-304.22
446.58
1156.6
412.05
481.32
-612
906.82
673.64
-873.04
-599.17
140.27
25.494
1158.3
681.75
-623.06
-997.94
738.95
495.32
1035.9
-235.39
-593.37
584.6
-227.79
96.892
-827.67
1142.7
160.89
-897.19
76.902
-636.48
876.42
1021.9
208.21
-384.82
1202.4
441.69
-778.8
-640.34
576.02
136.33
-1117.1
140.46
1156.4
509.03
1134.9
972.65
196.39
519.99
836.74
459.11
-818.63
-872.26
-373.67
761.53
-1201.4
-635.75
-1136
431.53
855.98
656.24
187.34
-560.25
1012.7
819.63
1047.2
940.52
644.45
263.77
603.41
-488.8
539.23
977.12
-1106.3
-381.18
-634.12
-1041.7
-123.75
-1041.8
983.39
-117.32
69.231
1147
727.36
61.013
-436.92
823.4
-1065.1
-714.62
-522.85
567.76
172.56
302.72
-589.6
-801.37
-631.81
-992.23
863.83
923.66
466.62
-639
282.92
-456.8
-115.32
-816.27
-661.36
-1108.7
-488.8
-63.063
-378.21
800.53
-866.57
-1001
989.1
982.71
-643.45
20.534
124.59
337.71
178.45
78.04
1020
-1174.7
-709.62
202.67
587.76
65.792
1114
1182.4
726.71
553.79
-833.4
849.64
-1088.2
352.12
-139.66
-1181.1
-853.69
288.16
1055.3
338.34
1022
586.69
-293.31
-335.2
1038.4
-222.11
-1174.3
-999.57
501.91
972.14
803.3
-34.795
-545.45
-84.442
494.91
640.68
1196.1
535.68
-102.98
35.267
-350.27
-35.908
514.83
774.67
578.6
1090.4
-360.38
409.52
944.82
461.64
640.1
128.71
-1049.4
183.67
-728.91
45.781
1098.6
-926.03
1140.3
877.9
-1076.5
755.31
-546.91
-1169.3
-352.17
323.69
-333.89
33.794
1213.3
532.72
912.55
-176.97
-84.474
-887.52
-990.48
-42.77
1047.2
-126.96
-458.33
-620.02
1071.4
-380.67
898.14
1047
-393.43
-554.49
65.046
241.53
158.62
-911.75
164.41
-64.451
-558.03
1177.6
-695.86
-606.05
1097.8
592.23
29.894
-107.51
-463.7
519.84
993.3
-133.02
668.51
166.97
-956.97
-228.25
-397
-583.82
-81.086
185.75
862.69
-1143.7
570.48
-651.06
684.18
434.64
-818.34
-605.86
1156.7
662.24
846.89
-315.18
431.12
-164.46
375.64
436.81
1089
17.236
-136.34
-979.13
-125.12
771.93
-210.02
244.59
-1002.8
-928.34
1195.9
375.5
332.49
892.53
-542.34
404.9
-1032
-1080.1
893.28
944.58
1171.3
969.2
-902.88
-836.63
763.28
50.372
711.64
264.98
650.74
1073.9
400.14
575.63
-603.06
-978.91
670.14
504.56
492.31
-660.87
1018.4
-76.304
158.35
334.02
457
-1038.6
1167.9
-1063.4
-529.24
-94.471
773.99
-786.24
-1150.1
1077.5
-269.93
-892.38
792.07
871.46
654.05
947.71
481.71
369.16
-152.06
-6.9267
-64.264
203.8
539.55
59.049
-479.33
-235.28
-389.78
-563.26
-147.06
-962.29
-861.91
877.59
158.88
-969.09
319.22
-43.295
864.27
1025.4
-422.25
1101.3
568.8
-994.92
-330.44
-181.37
1182
682.33
136.17
324.15
-993.34
416.86
-1138.6
142.22
1194.3
-568.61
-414.71
1212.7
394.77
-680.41
168
-358.24
-1107.2
980.3
-608.8
-1129.6
-879.86
-605.57
-289.47
1065.8
-1129.1
-294.5
-780.28
-1128.8
914.33
1146.1
197.95
-315.84
1005.8
335.87
-70.623
949.42
-777.63
731.35
1003.4
708.55
760.99
267.73
974.35
-1146.6
-650.86
1081.6
341.92
24.61
297.28
-5.3244
272.13
-943.75
-638.78
-1171
795.72
-16.385
32.074
-663.74
-770.22
1026.9
1083.6
137.59
304.23
307
-503.12
976.19
-1164.7
-804.49
105.34
-957.53
-1118.4
-429.41
1024.3
499.11
338.85
-1003.5
-653.56
-432.89
-218.63
-954.51
526.86
813.26
503.51
596.14
576.29
-1183.4
204.82
477.24
-1198.8
53.725
821.23
-1073.4
-286.24
49.718
798.39
1036.8
96.916
-72.958
30.215
1074.8
-1049
-818.82
666.83
539.43
522.17
451.8
-331.63
-1130.9
968.93
-1210.7
1018.2
-377.19
-663.08
-325.48
196.73
-137.78
183.01
108.25
318.47
947.4
102.87
1159.2
-259.95
-411.41
8.1582
660.68
213.59
460.21
-886.5
1180.7
825.49
-1129.4
-1038.9
-1008.8
-434.32
-820.43
-1084.9
1172.1
476.98
513.77
-643.21
695.16
726.9
-802.74
-285.92
-306.53
725.05
-337.73
137.69
-221.92
1139
482.25
620.93
-865.21
802.94
-449.39
100.64
-1055.3
-562.75
-348.91
-1082.9
-135.55
152.23
1144.2
-994.07
-1171.5
-651.66
-1057.5
11.546
-645.34
1180.1
258.25
-50.301
729.67
-316.91
370.03
-1037.1
-909.63
-781.86
-484.92
785.42
457.8
1087.8
563.77
-1115
1083
1080.6
-994.15
-880.59
-324.73
-887.98
6.8655
526.81
304.49
-950.36
-323.05
-974
764.54
1214.4
338.42
-472.11
862.06
1062.7
-1052.8
559.62
739.05
-1022.1
-76.051
457.71
-1008.6
1081
-917.87
498.58
749.91
52.598
146.7
1025.9
1128
-1077.5
-499.23
1178.7
-508.58
-1025.3
-340.23
-413.11
316.06
-208.36
192.05
-53.073
494.98
1028.7
-471.72
90.034
426.46
767.12
515.05
669.43
874.62
-543.26
-770.81
-364.63
1035
-289.64
26.536
-206.78
-513.98
546.91
566.11
-72.793
-336.47
828.57
-820.55
-307.5
287.68
-743.64
-98.677
596
736.45
458.73
-359.21
85.4
-482.22
1161.8
-137.77
-523.84
430.32
-68.302
614.42
-508.63
631.6
491.34
217.87
-507.69
-1001
-669.47
897.24
-722.42
-1130.7
808.79
-923.02
615.53
551.33
-143.88
-323.08
-717.88
807.87
142.21
1025.1
622.07
751.64
285.2
434.94
1184.7
-1178.1
-653.07
-409.12
-612.27
-80.144
-796.54
1087.5
-333.09
-1005
1137.7
-587.34
-1094.2
-978.06
-140.43
277.96
-833.45
-109.4
130.53
867.67
-633.49
-334.96
-118.2
947.57
-530.65
-435.54
529.71
177.68
744.03
167.55
872.14
-71.007
686.98
1202.9
118.38
-106.05
879.38
576.09
-325.9
1068.5
438.05
-1062.1
1020
-765.51
-74.229
-332.19
-45.757
-1157
-805.31
678.45
53.511
492.26
466.43
699.95
-354.33
-703.4
408.21
374.94
1078.6
261.31
107.06
244.28
-506.28
-62.045
269.45
632.28
-361.64
1066.9
-867.28
-358.94
131.3
1093.5
437.1
-679.61
378.61
439.8
-1045.4
-949.43
11.127
254.68
-1037.1
298.83
-511.77
-1119
-156.85
-811.17
-699.92
426.65
386.99
98.595
-19.886
-1165.6
929.49
-432.36
363.32
754.7
1025.8
734.75
-294.48
752.08
-1118.2
-715.74
442.42
294.36
882.4
-103.06
978.79
-889.24
-716.93
943.12
-417.95
-731.56
-559.08
102.13
-1034.6
480.86
339.36
406.53
252.86
-313.92
81.709
-455.88
-755.84
874.84
-115.24
147.28
460.31
699.95
729.36
1056.4
489.42
546.3
-740.72
940.3
-72.82
991.58
101.95
-851.02
895.32
602.75
658.16
-629.43
-881.91
701.41
943.29
-354.72
93.898
-237.16
-975.65
710.69
-609.87
-90.848
-519.86
-969.75
210.37
-1200.1
-636.45
1200.5
602.27
-996.99
-1045.6
714.51
-1202.5
-690.96
-548.75
496.34
745.39
389.47
-72.739
641.44
219.38
590.85
282.72
-520.52
-915.37
-49.922
9.7873
-661.21
195.36
-579.22
-1086.4
-530.84
647.88
-322.15
-795.49
-7.1525
336.23
-390.61
1210.3
933.57
1084.1
1098.4
-1157.2
-90.138
508.88
930.95
-903.29
-404.75
-520.47
-657.76
136.51
-71.772
-570.55
1059.9
1140.9
-689.23
-819.94
-105.13
-594.22
-567.22
1194.2
145.11
846.75
-421.4
-641.43
551.99
-878.79
217.9
451.99
1072.3
708.55
-858.09
630.48
-223.37
-333.36
971.99
-102.08
-807.86
-376.39
-1091
-986.01
-815.69
321.89
592.84
680.07
52.133
-1158.9
243.34
-391.68
692.61
963.53
-178.48
1212.1
805.34
314.65
700.9
1174.8
-777.68
-160.52
-203.14
1128.9
-952.08
757.93
-96.782
306.83
699.47
1033.6
1041.1
1192.4
1023
-165.79
676.31
-194.72
399.73
-738.51
-791.51
1110.8
1180.2
1074.1
-480.86
1038.3
75.889
877.03
-550.19
1077
49.963
-43.363
-558.98
302.21
1108.2
-149.7
906.55
491
-53.635
-267.19
-259.53
-808.45
-277.69
-618.37
756.26
-442.68
150.63
-502.07
745.22
-764.97
-1162.5
-287.48
-901.25
-1151.1
-187.79
857.9
-782.18
-938.45
-887.93
-842.03
59.363
-2.2201
160.97
-136.87
-196.78
726.29
-271.42
190.76
-349.49
-106.44
-248.99
-853.74
-826.53
-1163
-80.119
76.499
115.25
-1111
758.66
375.16
227.46
537.9
-248.77
-691.13
309.45
779.39
172.52
498.43
544.36
339.51
113.1
-903.53
-1172.7
182.45
-230.14
1017.1
-930.85
129.43
-617.86
-785.65
1040.4
-913.23
735.77
-387.62
-954.98
-347.79
886.53
-338.1
1051.5
615.97
351.32
992.82
-401.08
-242.91
479.45
-620.12
-444.99
505.31
72.757
1168.1
-325.31
292.78
925.63
81.6
-910.38
755.79
-138.59
-170.92
-859.89
-675.48
-293.31
314.41
470.85
-370.29
517.73
-688.6
279.37
-58.057
-385.16
596.6
413.87
140.45
555.15
1059.2
-573.08
-753.46
-556.43
-853.13
-814.04
729.01
-663.67
-1051
-727.04
1015.3
-483.94
49.069
1174.4
52.843
165.8
-671.47
-312.77
15.76
-105.2
1039.3
520.64
416.98
-813.77
-870.02
-384.39
-1178.2
111.16
-309.42
1087.5
592.67
-935.15
-424.82
274.87
-45.033
-772.65
-701.45
-780.09
1190
28.864
1216.4
-655.72
1204.7
767.94
-801.96
716.82
-298.95
11.402
-753.7
417.25
673.39
-872.62
-1135.9
160.88
475.35
611.23
454.33
-3.395
-142.23
1029.8
-414.59
97.723
159.73
-366.67
1133.6
-5.6826
928.69
-18.438
520.69
-291.95
940.67
595.56
895.76
-609.09
1053
-1154.2
690.45
-837.61
-1035.4
865.65
104.29
48.019
-869.44
-1050.9
-707.36
-376.27
174.19
812.32
1090.3
113.82
956.15
737.25
-865.04
-218.6
-787.67
42.059
-1151.3
688.29
336.62
76.47
-890.09
-548.53
1135.2
44.489
-2.9211
-520.03
-433.84
1039
769.06
806.7
1040.2
641.27
516.58
-1185
-300.24
1066.3
29.979
-297.71
200.09
-1026.1
-184.21
616.77
137.09
-858.09
-740.67
1084.1
666.15
679.22
120.1
465.75
-199.49
507.64
397.73
-1082.4
705.23
-507.13
-945.86
936.12
200.79
304.83
-930.99
-637.71
1199
862.76
998.43
410.98
685.79
1003.4
-732.65
528.88
-694.87
511.75
563.99
-133.19
890.46
663.55
-741.31
-170.87
-1028.1
-794.23
206.43
-418.48
791.54
591.21
-1195.2
654.8
-826.67
205.73
1182.3
-1189.5
-168.44
-121.41
-1038.9
-25.029
-1002
558.67
-405.92
-103.57
-58.291
-54.33
-295.59
1214.8
364.64
-1067.8
-774.23
-283.88
15.973
963.83
-521.83
193.45
1198.8
1055.6
103.02
568.83
992.09
1050.9
-531.77
575.83
-261.74
688.56
-1161.5
-1006.9
-623.55
-531.67
-532.2
-418.33
483.61
-446.96
967.52
269.96
-714.19
1088.8
184.94
-869.97
-419.31
-356.59
175.53
472.31
-99.251
-495.41
626.37
1178.6
-116.62
-697.54
386.9
-822.39
494.01
190.48
-522.51
-1130.3
-617.84
383.03
-599.81
-77.242
762.16
-456.44
-765.95
147.18
-677.52
-739.22
-456.68
372.83
-305.22
792.32
-35.874
898.22
266
842.3
-1125.8
-153.99
956.97
-477.48
-393.31
-0.22096
-477.21
-753.19
338.98
357.59
-1140.2
214.71
387.5
-1041.6
930.53
509.27
25.095
774.58
-1075.4
-570.26
-631.44
708.94
-742.01
856.61
1214.4
150.21
-308.74
1202.5
339.15
-119.56
595.17
-611.01
760.92
-95.057
582.19
119.5
165.39
944.8
-686.87
274.85
-681.67
645.16
562.03
431.24
-79.453
-596.57
-711.88
146.37
663.6
169.27
18.913
1059.5
-153.63
625.38
-207.84
675.12
-223.61
-360.38
946.57
-1091
-36.01
754.8
-132.87
108.59
-77.575
-911.14
-605.71
-130.29
-755.42
357.52
-647.41
-877.34
-1087.7
663.28
504.63
287.95
108.33
-1135.1
175.22
1118.4
802.84
-260.75
758.34
1000.1
756.21
-430.39
384.22
-946.25
796.81
176.08
-549.65
-982.53
-666.68
-878.31
-756.83
-841.96
-538.13
417.76
-953.88
-13.517
-1060.9
84.661
121.65
817.32
-102.93
377.76
1155.9
540.93
357.95
-1107.7
237.69
-18.51
-770.59
958.5
-841.35
-97.513
1097.3
227.21
-600.34
658.28
1004.9
-236.42
1050.6
420.77
1046.5
560.15
224.68
-944.55
696.02
276.91
-356.61
301.24
-60.431
307.6
344.78
943.63
-1033
362.13
290.89
-167.6
-710.4
341.79
-1077.5
531.92
464.46
-1063.5
305.44
688.77
-119.05
-829.17
1032
1099.2
-274.99
901.88
582.07
1122
814.58
-238.79
14.305
357.27
667.32
1007.1
495.13
301.85
1139.1
-1021.9
-739
615.36
75.853
978.92
-35.939
1159.9
-663.18
525.79
277.06
36.36
415.71
1022.2
-810.97
-647.36
692.25
-554.63
535.3
200.64
958.16
276.31
813.29
644.84
-509
652.91
-724.78
893.65
250.13
-160.87
-376.25
-1083.6
-439.18
-476.36
662.09
1140.9
-969.04
1104.9
920.43
151.38
-858.19
543.9
-980.73
60.665
-1169
-916.17
-974.27
-862.1
-430.19
733.95
1153.8
-320.72
1000.3
343.52
-1004.2
58.286
-902.39
-1096.7
-673.8
-691.54
175.2
-163.85
-680.99
-33.726
-527.15
-46.901
449.1
-732.22
-826.36
912.92
359.97
189.84
183.06
-294.55
642.94
-1078.9
-284.37
189.25
470.15
167.85
-213.85
-512.74
534.37
704.37
921.79
411.39
-448.34
-318.83
-115.49
1010
456.64
706.12
405.51
-1074.9
-1056.5
-712.66
45.123
-998.18
216.31
370.4
-337.51
406.6
-174.26
840.19
-1176.3
609.31
779.12
-941.85
1119.6
-194.78
90.117
-78.642
-532.98
596.53
-1101
43.852
-813.4
781.72
649.02
-840.52
851.61
-504.33
543.51
10.711
590.12
-730.56
757.08
847.77
-834.64
475.93
301.94
-1212.3
-9.4928
-206.76
-1080.3
168.08
893.09
1107.5
60.191
684.93
-1121.2
-878.62
-1143.7
762.16
-423.41
997.8
1033.5
1075.7
-111.68
-744.61
-877.48
-45.63
-1055.7
892.26
-817.27
-238.62
505.43
-225.44
623.36
873.75
824.25
429.88
51.759
1100.5
595.12
542
-908.1
215.5
-686.9
-1129.6
1213.7
-295.76
1118.9
-184.27
-813.06
-577.69
-453.25
-740.58
-929.68
1085.5
-143.97
1209.2
-205.62
32.402
-844.39
-110.69
1126.1
-1153.2
-1210.6
78.411
700.51
-622.45
1014.2
192.42
829.37
-1202.8
367.5
-582.58
558.99
-389.2
-851.51
-336.76
-1182.4
-1191.8
-269.23
941.91
1077.3
-409.27
-280.36
-28.608
282.28
-937.72
-466.21
718.83
-63.036
-593.63
136.14
1127.3
-818.09
170.34
488.69
466.79
898.85
-1136.3
-1066.5
64.16
-328.91
85.74
490.66
-391.39
1159.7
365.22
1084.9
341.07
-1072.7
-179.68
-64.514
1109.3
175.05
-1124.2
739.05
-394.57
-458.7
52.483
199.98
344.18
129.53
-1155.6
-151.09
-676.74
470.8
358.17
-194.51
946.28
183.21
-607.27
-147.33
-239.64
-12.458
-221.84
879.5
994.98
429.59
-281.6
904.8
-781.08
-957.07
-860.16
-415.73
769.84
391.49
-637.25
499.26
648.51
92.556
-832.04
-637.03
-744.46
679.49
1144.3
-341.96
909.76
-829.27
767.19
-512.33
-1087.6
-755.67
428.21
424.17
201.11
-891.21
465.17
-1167.4
-941.83
1096.3
-592.42
1103.2
19.726
-148.22
-614.39
894.64
-267.33
-992.86
-408.18
672.95
798.2
-1077.4
-470.46
782.82
50.79
574.9
-206.24
-646.2
-860.89
-536.85
-529.73
-196.83
-1136.4
-176.08
-1083.5
1064.9
1079.5
175.35
658.96
-506.54
-986.66
904.19
-363.42
395.42
-340.43
-812.48
275.84
-1016
1089.8
306.32
-534.07
0.44766
485.87
714.65
26.946
-1003.3
418.36
-473.3
1098.3
101.83
-871.94
1006.5
-1074.3
-452.94
-658.69
891.99
903.63
881.64
-642.65
-340.87
5.0962
117.71
-46.84
818.34
-731.95
-882.15
-1132.1
691.28
715.7
374.11
468.18
-1111
1057.7
241.54
-874.64
650.6
283.23
189.63
18.545
806.77
-381.81
921.35
-459.86
445.82
-1201.4
-394.42
-101.98
-509.97
655.29
-885.28
857.03
702.31
443.76
-269.06
893.89
-772.73
-696.96
1125.2
-159.35
233.78
620.13
468.86
-134.69
282.84
-807.13
363.08
-611.18
39.643
162.74
540.16
-408.52
1193.7
-439.33
-796.71
711.01
-1087.2
710.89
880.36
-954.81
-790.93
-1177.4
-519.32
-1195.5
638.25
924.8
719.42
-567.9
301.41
-1085.4
577.84
-393.16
443.44
-430.99
-694.07
396.81
-1210.6
613.23
577.87
134.15
1207
-285.7
855.93
1110.5
-765.9
-540.25
-772.34
1060.2
437.29
-377.87
-45.173
-12.181
-294.65
-160.38
967.88
-444.53
511.41
726.46
1144
79.034
-238.89
829.4
-809.44
-60.988
-805.31
-694.41
-131.47
-24.059
1150.5
357.18
1125.3
662.92
985.55
-1153.4
1050.5
-629.23
-821.54
1122.6
-86.471
-1015.6
881.84
-1149.4
949.25
745.05
-274.28
382.59
-382.49
-684.71
848.33
-1004.1
980.2
406.53
-784.68
272.47
1202.3
-403.15
-124.48
9.5919
-1079.9
128.28
-126.6
-763.88
-932.96
-884.14
1093.5
118
-994.66
795.01
-56.641
995.17
-739.6
-156.07
459.26
931.77
-81.752
-1014.8
440.57
-992.03
-1076.9
1186.8
-645.27
760.43
-869.07
701.53
92.075
-640.92
-219.14
-816.3
-141.61
-176.23
-450.14
1075.3
-615.21
1212
-1076.8
885.14
210.93
212.42
-256.52
-33.75
-6.1608
733.56
-171.03
259.22
323.86
64.004
-231.57
462.25
-180.12
-633.39
668.46
-727.58
-403.29
-372.48
-145.98
828.96
726.03
404.39
-597.79
-364.73
-107.27
503.9
-0.70817
-366.79
746.29
-792.75
-691.2
840.84
-160.69
1070.9
687.78
798.8
-544.48
-270.23
1055.2
-129.81
-573.93
577.72
136.46
20.334
-371.02
-1202.5
-526.47
840.55
-448.42
1074
410.47
-1188.5
576.53
-288.21
1214.1
-720.92
-849.51
733.27
1132.4
1025.5
655.58
-161.02
-1084.9
1119.4
-834.81
-872.16
524.19
1084.4
596.73
150.13
-860.21
327.41
311.57
847.87
980.37
-918.43
-1019.9
102.55
836.15
-1080
724.86
-1184.6
-495.66
-679.36
1168.2
-988.27
540.18
744.57
-376.47
1121.9
700.27
-87.771
-211.32
-1186.8
-285.32
-1104.3
833.92
-1066.2
-792.89
1189.3
-382.32
83.962
1072.6
-1120.3
-790.44
-800.65
675.07
-1130.8
-21.83
601.68
649.65
-468.76
-734.67
4.8816
-1141.9
-171.34
201.49
-1041.9
444.1
906.06
-1094.8
-1042.2
-313.53
-770.61
-1060
-419.72
877.76
232.9
-191.84
6.4764
-362.44
-900.25
87.22
-247.51
238.32
-379.53
-748.26
-1201.1
-890
90.775
-831.87
-174.36
1026
796.06
1182.8
867.01
-724.71
-421.1
835.06
-1049.7
723.5
514.88
-346.28
-217.71
-1053
820.14
-491.72
966.04
-468.64
-225.5
868.47
-55.098
11.033
443.37
-535.92
780.7
1211.5
613.4
1052.9
516.85
351.3
1036.7
635.02
-829.47
844.85
1171.3
-30.394
1052.9
80.919
487.18
449.69
1124.1
522.9
589.68
-527.59
901.11
-915.27
-262.35
663.77
813.65
21.932
1212.3
400.75
-981.61
475.1
262.84
-310.17
-1166.6
1049.8
-677.44
-993.93
114.87
-161
72.662
962.68
-1043.1
-1026
-734.36
342.94
-435.03
-963.07
148.5
-171.38
511.99
384.34
1094.6
135.24
-983.24
-170.28
-460.13
559.69
-734.09
-831.68
-661.36
-703.37
-248.26
-1205.4
351.78
134.89
1020.5
84.314
-835.47
-766.46
1204.3
710.57
-220.12
-667.46
-265.61
-166.4
-1035.6
749.33
-1005.9
962.56
923.63
-947.64
-1037
-149.91
946.91
193.82
1148.7
176.29
-446.59
746.34
-52.692
308.67
-699.12
-1111.3
-990.89
253
330.57
-216.77
475.44
-690.25
-1026.7
-640.82
-826.72
529.17
1213.8
-257.03
-1164.5
316.13
-783.17
217.45
75.065
-378.97
525.04
-361.5
106.48
-74.489
-1181.7
-894.78
480.23
-242.43
-676.81
-941.46
-164.44
-486.96
339.92
-1012.7
-1013.5
736.67
585.64
-275.26
1182.7
256.72
-334.23
635.87
534.25
45.577
-948.27
-949.77
-720.7
499.53
458.41
846.48
287.22
702.11
310.98
-932.25
-653.41
-450.41
-452.5
1023.5
-1071.9
486.18
4.7171
38.394
-117.85
813.89
-63.94
557.6
-234.72
-931.48
-265.12
47.934
498.92
-1106.9
-659.37
802.81
-63.97
-298.8
-179.15
150.98
-61.914
-735.11
834.11
175.05
-302.74
-980.78
-294.67
-1028.6
-745.17
1087.6
749.31
-910.99
1134.4
251.86
430.71
-623.64
1058.2
82.098
-1192.1
1144.8
925.36
359.58
-996.6
346.46
-1035.6
-485.16
306.02
-1143.5
-827.96
557
79.979
-735.47
1018
-690.32
-355.91
-828.91
-314.16
577.7
-1140.5
149.49
-683.18
1017.7
45.466
-832.41
804.27
612.62
-378.29
296.55
272.15
266.42
234.93
-1142.2
-272.41
1080.2
389.76
1049.7
939.36
507.93
-138.19
763.69
864.85
-761.47
-355.13
162.22
-764.34
-82.034
-768.08
223.72
684.4
379.36
-1067.5
457.1
394.89
-1084
641.44
-1129.2
968.08
505.14
-996.04
-402.25
-877.22
-632.1
1146.3
1146.2
747.46
1029.6
444.44
351.49
-6.3292
1196.8
546.06
-290.27
-1020.1
566.76
34.946
55.876
765.46
814.7
1087.4
-31.106
-775.45
-779.46
238.97
1155.2
1040.5
132.61
-511.26
-665.37
649.65
-683.18
-132.2
-360.01
-190.43
746.71
-1139
-646.92
992.99
830.32
807.21
-835.49
-470.92
577.97
247.56
223.53
1002.3
12.379
712.08
741.99
368.55
242.23
-489.34
1133.4
1028
366.77
-786.14
-778.82
-422.98
326.07
-524.62
-476.19
952.53
1165.2
856.98
-8.0061
913.96
510.92
1103.1
-584.06
1031.4
622.58
388.01
-667.97
778.3
-160.66
-266.26
-54.565
-558.33
217.42
1143
926.65
1127.8
38.035
25.623
136.68
851.27
826.31
-901.35
-599.13
-397.24
562.54
441.79
-418.53
-337.63
-411.7
-80.219
903.27
1103.9
157.62
1082.1
809.89
-555.05
-393.45
-806.45
1132.6
-214.06
890.8
1023.8
699.56
-375.1
-1045
641.7
232.36
157.83
449.05
307.77
588.03
550.07
-395.98
-589.14
-647.48
1052.3
-128.88
629.97
-213.75
507.64
407.84
1010.7
579.38
-439.06
944.73
-508.51
1019.3
1185.2
-85.764
855.89
-400.79
-1011.1
1208.5
-554.32
277.08
1028.2
-580.12
-361.06
655.34
53.04
-352.41
-346.84
659.49
-957.11
-1019.5
1115.2
993.88
-312.94
-976.24
-319.92
464.19
1012.7
151.46
221.88
-364.07
-438.26
-1175.6
-203.5
1045.5
-402.17
-478.31
-880.57
287.56
112.55
1032.1
-699.49
808.4
-280.41
661.14
-687.46
933.77
-127.04
959.55
-340.38
473.91
216.93
775.4
-812.94
-808.62
157.91
178.07
911.68
239.6
5.5919
-475.22
-331.87
796.45
55.951
153.64
599.91
386.09
1193.8
458.53
232.51
626.49
179.39
725.95
1030.2
660.68
-558.69
1089.2
884.63
218.42
-845.46
599.74
210.75
624.04
-1060.1
-208.74
949.12
915.59
1070.5
-398.07
-986.18
-7.4837
-984.6
899.97
-953.32
341.36
-395.44
-446.18
860.75
169.37
-45.438
332.78
-593.59
-960.18
-337.71
46.301
-841.59
-910.24
884.05
-564.21
-411.99
-527.81
514.37
-1153.7
-1200.3
-1013.9
-505.3
875.96
-996.84
997.99
-862.51
426.12
-696.33
-425.94
11.978
-1203.9
-1103.2
931.94
-1044.1
231.47
-385.63
1007.7
399.9
-549
-256.98
-832.09
606.03
-1125.7
1167.4
15.096
403.18
99.827
-146.32
-244.86
-660.58
-424.51
350.98
549.07
-1149.8
-355.74
-310.98
-926.01
-793.84
-145.47
-692.1
-336.95
454.84
660.27
-388.08
-1169.4
-824.39
-511.48
-194.62
-461.93
-105.2
-402
-865.09
-542.92
52.554
740.7
1188.7
436.9
-734.28
-877.77
177.04
-962
803.03
775.7
673.98
648.53
619.88
-599.13
759.46
-177.51
898.85
-862
1098.4
-841.88
-1116.4
-272.66
-511.23
-387.47
387.21
-309.88
608.39
581.22
-405.46
652.37
-560.56
-742.74
-1117.3
-258.05
589.9
558.19
-33.495
-895.54
456.54
-569.99
-325.36
1136.8
-1205.2
-189.43
645.69
-405.77
-1190.2
933.55
967.37
-1017.4
603.72
-1169.1
-1017
-539.83
432.36
-435.88
-1112.7
410.88
179.11
-780.09
70.784
1094
1098.4
-982.34
660.61
-176.72
-274.02
1020.2
76.074
-682.33
-519.13
-533.22
-971.16
-298.19
561.9
-209.24
-629.06
136.35
-1062.5
-954.51
-301.04
1098.7
-999.74
985.91
7.2929
-594.8
-489.12
257.84
-863.75
-922.12
-930.92
-1132.2
-1068.2
668.46
549.07
970.05
-743.88
-460.32
-652.83
-1182.4
-949.51
359.68
-338.41
872.26
-44.683
-833.33
-427.81
226.6
970.73
611.52
536.51
-888.54
671.76
233.46
1192.9
-1175.5
811.27
-869.85
1084.7
-380.38
255.85
-1049.7
718.95
-541.17
-1132
776.35
668.92
-894.25
-916.53
-388.13
-267.02
-564.47
-1126.3
-285.32
147.38
-503.94
-1160.9
-537.72
305.51
-634.39
-764.85
673.05
832.9
380.97
-672.73
198.79
1115.1
-426.77
-896.56
585.33
1042.9
-320.82
-918.38
-827.72
894.55
-30.783
-726.39
-598.54
495.27
650.21
-33.769
1031.6
297.45
-667.87
782.04
-801.08
1024.3
671.64
1022.4
-666.19
-150.88
377.08
1212.6
-1088.8
-515.66
-825.21
1023.4
-943.58
-1037.2
353.09
-82.885
-238.02
755.62
-1065.1
-1051.5
1095.3
189.25
1197.7
-755.28
1098
355.28
-195.55
-927.49
-550.09
-1079.7
-1158.6
268.87
1059.3
535.15
-1097.5
880.57
-1091.2
762.16
-465.21
917.39
54.481
-50.67
-115.53
-388.27
-254.31
-266.6
225.66
-986.69
-259.12
962.93
2.9649
1005.6
-823.66
-500.83
819.17
697.55
1028.4
-698.66
-347.94
468.66
1049.3
-162.02
268.55
457.88
718.01
892.31
-131.97
534.66
670.89
-74.768
295.96
456.73
-810.2
-557.23
11.719
-712.85
-113.91
740.87
421.4
-570.52
-1170.9
304.01
421.94
-239.21
939.48
-41.322
-45.613
995.56
-450.17
-536.94
879.24
844.34
785.12
215.09
1178.3
-604.5
608.17
-463.95
-1162
-546.83
1195.8
-292.95
1197.3
-577.28
366.77
528.83
529.46
576.05
-945.5
-884.7
209.61
36.596
329.96
1006.8
-342.76
-173.17
722.04
-492.64
237.13
812.9
-1001.3
213.94
710.38
-1083.3
-475.56
-1080
-561.56
-476.73
-50.388
562.75
-243.4
50.185
-910.46
390.64
-181.4
870.54
1116
-619.34
626.3
1145.6
457.05
240.17
-63.573
-909.32
-63.092
450.46
-195.63
-360.94
-717.2
-738.73
-708.16
-924.82
314.65
1126.8
1153.3
935.76
586.91
630.89
829.84
-565.66
-428.03
1129
-409.88
837.66
840.04
-134.11
1048.5
-824.39
-1189.9
820.6
-378.77
-907.49
145.31
-696.06
374.84
-203.89
-199.55
515.27
1020.2
346.75
-410.85
534.44
-687.34
-440.67
-813.57
-745.87
866.75
-790.93
-693.58
616.55
852.87
-429.8
-142.99
722.11
1054.7
-145.53
-825.89
729.26
-654.38
-1140.6
583.8
-418.12
-989.72
-649.16
-1073
729.21
-124.78
-1051.5
1156.5
-472.18
-706.95
282.53
715.36
419.99
-690.49
434.18
-960.25
473.57
756.94
1133.3
801.4
927.72
172.64
1020.4
-976.75
-989.77
492.82
-903.07
326.24
1163.5
-442.97
172.43
-477.46
-395.08
318.76
888.59
-673.58
-288.74
-687.82
-138.65
-12.781
642.24
-840.57
945.14
1124.2
1088.1
-253.75
683.7
824.95
639.32
-267.65
-375.2
1161.4
739.37
-1042.3
402.47
717.33
596.99
2.9639
633.49
160.18
667.22
306.66
741.02
112.21
-607.87
961.76
864.44
217.38
-1085.6
-7.3155
621.44
967.35
-1007.4
19.891
-1172.3
-731
-304
552.01
341.43
1170.1
-269.47
-914.3
903.12
711.64
860.43
797.1
1177.3
-425.28
-614.46
-753.29
-1161.4
-566.76
-567.12
1013.1
-37.179
1213.1
-1146.2
946.09
-69.153
-835.98
368.04
-360.5
-967.68
-348.25
397.56
-851.94
560.91
-6.978
-71.979
175.06
344.98
-565.84
-9.6931
879.5
470.78
42.192
631.5
-974.34
-81.354
591.72
970.31
-968.15
-477.5
-908.66
0.82465
637.31
406.31
296.47
-752.77
-183.89
1106.5
-885.21
146.43
-1097.6
-738.27
22.453
-183.17
1044.3
262.43
-288.52
-1070.6
106.58
65.637
965.19
572.62
237.77
865.61
-967.22
138.15
-477.99
1063.2
-193.68
-1151.7
-640.7
606.86
961.4
562.29
-514.73
714.22
-659.71
114.97
-412.57
419.82
486.53
181.85
485.38
979.09
-23.194
-570.69
460.28
823.78
1152.9
910.41
-269.2
-1046.7
217.02
404.9
-560.27
325.39
670.89
356.13
357.54
-509.36
702.58
-506.98
1120.3
-190.33
-127.4
-350.12
-542.09
1101.1
-447.18
-586.3
-1096.5
-496.39
-936.75
596.97
-572.71
830.93
632.88
-593.05
468.49
-980.85
527.81
350.74
936.42
-321.69
-813.33
-777.51
-144.85
-395.95
-426.06
-976.77
37.109
-1104.3
37.201
-1121.2
-287.89
205.98
1060.5
-1172.2
-453.45
387.84
-408.69
-387.45
695.89
-659.51
-1060.8
1062.5
-1071
-1068.4
55.032
1158
-1098.2
-113.59
711.64
814.6
-771.34
-212.55
974.96
-256.28
214.97
-420.74
-543.99
-340.33
320.12
-134.47
395.93
-45.276
-276.52
-302.96
1111.3
-818.55
-51.861
1134.4
1040.5
-1181
-1165.1
-151.27
-1085.6
867.84
785.34
-46.687
371.93
-592.05
429.3
-566.61
875.01
-152.05
971.41
1013.6
961.03
45.888
306.41
-948.2
-1178.8
-14.471
-228.92
1209.2
1216.4
-492.13
22.672
839.63
188.74
35.522
-1149.5
-1181.7
423.83
862.01
869.44
625.93
-651.42
59.248
40.955
304.08
13.103
-449.29
-1138.3
-1101
-5.3064
-1082.9
897.56
-400.89
-184.58
-1206.4
-217.67
472.8
-174.35
-673.14
914.33
858.8
-432.7
-285.34
-639.37
1060.2
-811.73
311.69
-872.94
-833.16
881.93
-733.5
1121.3
-328.35
-1202.4
865.87
846.77
100.5
-57.294
-1006.9
-290.88
58.741
1145.7
-147.48
759.61
964.07
803.54
-22.626
651.4
-1181.1
-366.7
-692.85
316.45
-408.61
-727.5
883.1
530.56
-410.53
1085.4
220.37
-162.78
-715.52
-754.21
-1187.2
844.61
-531.91
-236.95
528.52
854.11
-131.21
519.89
945.24
320.75
1184.3
-790.93
312.83
450.2
-806.31
-851.17
-867.3
-988.31
1015.7
860.06
-345.6
-989.7
-406.16
-1049.5
-999.47
543.58
-215.41
50.449
-556.8
545.43
897.85
-784.12
-251.56
-235.53
56.461
-788.54
-203.24
-1202.3
1011.1
-164.5
575.97
-969.7
-1009.4
688.14
1030
-656.18
-113.88
-709.93
-953.69
-1004.6
1199.3
-142.24
-596.06
559.08
-275.11
215.58
676.04
515.17
1088
633.49
-788.93
3.2273
-489.78
882.49
398.29
455.54
-931.19
268.87
-332.65
-228.67
-747.09
804.78
1083.7
979.55
246.03
-182.93
-1193.2
-1093.8
50.112
-41.312
-1182.4
-94.704
-1149.8
655.09
-163.79
1123.2
164.62
908.32
179
-55.613
227.93
1064.9
-1182.7
-530.33
-1029.5
412.9
312.68
-986.57
412.05
-950.07
325.29
-796
-464.04
-387.3
848.84
-676.52
767.19
172.73
214.76
403.3
-806.23
-104.52
-338.97
-927.9
-567.97
601.42
266.73
-400.23
-362.15
-58.692
-327.65
558.53
-19.893
-1072.3
1176.3
-1037.1
-255.11
587.08
475.03
-1184.7
109.7
-243.25
-462.27
-33.371
1213
1108.6
769.45
1135.9
-388.62
932.26
-306.58
-764.54
-597.52
197.72
-73.643
562.95
788.45
712.13
-350.97
-859.67
-839.31
-335.3
-13.194
-9.8969
-171.62
-1002.4
650.79
17.112
1044.7
129.93
-668.77
456.32
-528.97
884.83
-538.16
346.87
49.852
525.89
-24.582
-664.42
-212.56
-536.46
-391.22
468.32
548.42
221.59
-1054.2
-634.99
-873.18
739.39
741.07
418.02
-197.27
-338.34
-937.33
-996.99
-754.4
1018.4
670.14
849.32
1208
605.47
-1087.6
-1163.7
753.34
452.24
1030.7
831.12
194.93
653.37
872.02
-254.72
-922.24
-133.86
-679.85
-922.07
-1049.2
-1.5666
-290.9
-810.85
735.99
-1210.8
29.274
-526.32
-470.46
369.45
-103.09
301.38
-270.01
-537.23
-857
42.608
47.341
124.08
-75.019
344.69
-282.57
-713.89
-1120.9
971.04
-1089.8
-503.82
-1061.7
-983.58
1115.2
74.732
865.07
286.63
646.93
-991.47
-223.69
1158.1
-1143
-902.41
-1136.4
-667.17
-881.71
635.36
-1098.9
-702.57
1155.6
-560.12
-275.45
-1066.2
-713.12
837.1
286.39
568.39
-871.94
1182.3
418.95
954.52
-619.32
284.13
-180.91
-275.06
971.02
838.63
111.55
728.29
-980.49
-378.77
99.8
-133.13
-974.25
274.39
352.32
196.82
-157.93
434.13
-749.79
988.95
1184.5
1079.8
-434.93
-1023.6
-1181.7
524.8
973.67
318.98
-555.17
-750.2
1174.6
-216.44
295.99
1035.5
322.23
-840.11
-650.25
1067.5
-16.692
-33.884
84.482
968.93
-39.533
-1036
645.57
-39.691
-803.44
-499.59
-546.18
-503.19
1073.8
-220.17
-199
-81.359
-453.23
879.7
137.92
130.31
-1018.5
-355.88
-402.2
829.96
-475.66
-403.12
727.63
245.81
-974.22
597.99
-372.29
-556.58
-633.78
843.42
161.08
-646.34
-550.57
951.85
32.169
747.05
982.8
487.62
-18.364
-214.08
-15.405
164.07
787.53
33.848
-715.79
-27.524
-1126.7
-1138.4
220.62
-709.18
263.18
-966.71
-634.53
820.31
1008.2
-934.93
-787.16
1040.5
949.1
1177
472.04
563.24
1056.7
530.39
-55.771
218.66
521.2
-942.85
766.61
-41.38
447.6
957.78
467.5
-1190
-478.16
116.89
288.97
86.671
-1161.5
89.828
-1168.3
784.93
612.11
-69.204
658.35
193.77
-437.31
-328.21
-806.96
-324.29
879.58
-1105
1124.3
-1170.8
-27.918
-285.22
454.91
140.94
945.53
170.28
504.92
17.34
360.34
-741.11
-58.383
-972.5
1097.6
-320.43
868.69
1165.8
-467.01
822.35
-1101.3
897
-397.87
-481.27
962.25
48.712
-580.32
1073
749.38
-967.98
1182.3
-931.89
59.569
-962.53
-1004.1
141.41
1018.1
-1064.7
923.78
-19.094
-383.8
786.95
1087.1
364.9
1162.6
15.575
984.65
109.88
777.44
905.48
782.06
683.57
932.79
-1136.7
1173.1
920.81
360.68
503.39
1092
-163.44
1000.8
1175.6
-141.85
-606.51
316.25
240.7
-1189
90.088
48.578
1027.2
-786.6
237.19
-1198.8
752.39
210.69
-525.47
-652.37
-978.25
78.88
-878.96
651.08
-1100.8
-1183.4
790.86
814.87
-789.44
701.94
-466.62
1050.2
926.84
-715.52
97.188
560.93
732
851.97
-69.371
887.01
327.8
-676.91
-872.89
-861.3
667.61
4.2185
-409.39
805.1
561.13
-1128.4
724.11
626.32
471.19
1.2467
-740.14
402.03
-815.49
-268.62
-841.4
-1085.3
468.93
-1047.3
174.14
1094.4
-948.97
162.82
-892.43
-943.09
738.76
962.73
-508.49
160.89
-1165.2
-472.62
995.68
228.91
199.72
893.82
813.89
-862.37
-1084.5
918.94
-193.3
-855.61
-665.29
-466.42
641.29
-451.48
-1164
803.59
1196.6
1166.2
257.59
193.61
-339.82
906.16
788.74
-543.24
-59.18
-1051
-1186
827.6
-977.53
12.42
815.74
373.41
293.41
428.72
801.62
-148.21
-1081.7
-676.74
929
158.93
-744.9
-1023.6
-752.17
1132.4
-292.31
564.41
-916.05
272.17
-637.13
683.87
-464.89
-501.39
940.16
-415.56
-894.4
69.685
-695.31
987.47
-186.27
-30.465
-1017.1
1126.1
-48.772
-796.32
-1070.1
747.75
-1185.4
-733.43
514.69
5.7654
789.3
-807.64
839.8
-487.05
203.53
1148.9
874.69
539.28
419.31
728.09
741.55
-363.05
-1160.5
138.14
-636.21
-330.17
-186.72
329.3
844.54
904.17
1091
953.74
-929.05
528.69
350.15
-1046
672.37
-451.87
-347.01
-918.77
-588.99
-258.61
1159.5
-405.67
140.79
657.4
125.01
-513.35
-40.493
403.59
1098.2
992.67
848.13
647.85
-890.34
393.26
234.39
-165.02
547.18
1121.1
-1063.4
-547.76
164.68
665.81
-657.88
-6.6779
-695.14
1150
-492.21
453.36
-312.14
-275.21
-289.52
135.95
-412.77
-593
889.66
-1028.8
889.15
819.31
-77.993
661.41
634
-793.84
1128.5
926.4
248
-1160.8
-771.68
-487.27
106.75
501.71
-1128.7
-323.95
178.05
-396.97
-602.04
157.01
746.24
1048.8
815.33
988.3
183.7
1087.2
-1113.4
541.1
328.96
-731.56
504.46
945.97
-1037.7
1071.4
305.08
-447.37
150.28
-1004.3
-614.39
-368.57
887.52
-971.96
580.64
-527.81
-921.22
813.77
643.67
647.2
-983.07
513.69
-87.98
-984.52
207.17
781.19
-859.82
893.23
1142.7
-981.1
-270.76
656.28
-496.77
914.96
-841.86
1096.4
113.73
830.18
804.73
-262.62
-574.19
666.44
811.17
-558.98
602.65
283.86
-225.51
378.44
-103.02
607.25
-962.12
-823.66
137.72
-204.63
-407.18
-691.64
662.17
554.3
831.97
-843.39
769.94
-985.96
68.784
-798.22
331.25
-857.31
1025.6
626.78
1044.1
821.18
-1181.7
-427.98
-506.81
-933.66
852.75
1165.3
77.15
127.67
90.467
-421.08
128.05
-777.73
83.361
-641.24
-116.53
-621.68
865.46
-1090.2
-745.29
959.28
673.03
-887.3
-346.09
114.9
-883.29
150.3
-188.92
-297.08
184.76
862.66
841.21
704.2
-848.52
283.77
-785.85
-87.278
-1106.1
836.98
86.989
1027.7
564.8
-257.64
278.81
264.91
964.24
1143.6
182.77
-387.45
924.31
1111.5
593.28
1021.4
424.1
1064.8
-874.86
46.233
-39.65
-98.66
593.83
-2.1078
-835.15
417.73
750.25
345.97
-143.07
-582.82
212.97
-455.17
787.53
-413.5
145.34
989.92
-1073.7
437.46
506.94
1092.5
1112.7
768.99
885.82
-806.26
-418.7
665.08
-1129.4
-1120
1207.4
-678.47
406.43
-106.56
-550.57
-500.91
1053.1
890.25
-975.68
-888.27
422.62
-204.68
26.3
-1201.8
688.92
-1183.4
441.91
969.61
1123.8
-644.49
-283.49
189.91
770.54
923.29
-817.41
114.48
-1138.1
233.33
949.1
-44.853
-576.99
-770.3
895.37
1013.2
-687.04
1082
85.055
826.02
1137.5
1188.6
-318.12
62.084
370.71
-841.11
-1000.1
-612.98
-878.24
530.34
-1180.2
289.16
1153.2
211.31
13.332
-839.65
398
509.88
202.13
243.66
-1157.2
607.42
409.47
-1192.4
363.88
-864
371.42
-407.03
355.31
270.67
753.48
938.16
547.03
135.38
474.72
121.39
-221.46
-811.78
-657.25
-912.74
-728.43
-1062.2
951.21
561.9
-916.99
-742.52
-249.79
550.77
-304.61
-520.2
-956.55
722.62
30.205
253.15
-1097.5
-191.68
825.7
-256.25
-214.86
-531.16
-634.9
933.28
-1135.8
558.96
-512.3
258.76
663.16
1091.7
-593.25
-205.32
-1152.6
-73.607
317.76
347.43
9.2483
-230.77
162.33
187.19
620.05
-919.06
422.08
846.63
-527.88
645.47
-53.861
-806.67
650.62
1121.2
-635.28
-1088.6
-946.13
735.53
-266.02
175.66
-857.39
15.577
1084.3
976.39
-199.67
-108.56
-433.04
-971.62
-166.09
-448.49
1186.9
-158.69
-238.1
-254.16
-818.09
-198.86
22.973
-527.71
371.1
297.4
508.54
-598.49
-21.945
-431.38
359.44
1172.5
685.79
-256.35
-101.07
127.63
414.38
696.74
-221.17
474.33
-530.89
-880.74
-1184.5
-1125.4
-356.03
739.39
-154.93
-863.05
-455.42
-906.01
827.04
-129.17
-973.69
1076.4
1125.7
-544.91
838.29
922.98
305.34
-91.664
469.9
-450.02
40.35
-374.79
137.48
519.62
-336.71
-802.23
366.6
-392.67
57.188
300.05
437.61
1029.9
-1002.7
29.858
236.63
583.51
-789.91
129.67
469.61
-1156.5
499.55
-295.98
1115
255.82
-192.15
-331.32
-1122.7
-789.61
-235.59
-630.35
-906.3
-170.59
1188.6
117.19
19.168
-483.26
168.71
-455.42
-1107.5
-58.145
494.86
505.87
207.3
-274.43
-1101.8
198.88
-537.38
-466.06
37.043
-378.92
703.01
648.95
-581.29
-327.45
-555.14
-20.427
-108.12
1010.4
706.03
321.46
-38.804
-479.35
971.84
399.53
528.15
-713.65
790.2
452.55
556.78
599.76
78.951
-1113.6
-85.395
468.28
726.17
-92.614
-1014.9
441.25
783.06
1079.9
-941.08
1052.2
560.4
-473.13
93.75
459.99
-287.11
600.32
1078.6
907.16
1207.4
-655.36
-854.71
-270.76
-1028.4
33.124
-1031.7
993.54
9.4971
-863.53
168.74
-978.33
708.8
-445.96
-513.54
-294.96
-342.91
372.73
-241.09
11.099
1042.3
-174.68
-196.73
3.8828
907.69
1049.5
-102.94
362.94
659.88
-364.29
326.73
-804.49
-551.98
-680.17
-206.73
-525.08
-115.94
603.17
-659.39
-1053
-1044.1
-629.09
757.11
1049.7
-372.89
-177.74
-18.748
905.41
434.52
-7.1459
883.9
-42.423
-1092.7
220.73
-3.0817
1066.7
-1200.5
1126.8
798.85
621.07
613.4
-776.1
-464.7
1062.6
-543.72
869.37
-21.699
-891.7
266.03
545.06
197.67
402.74
890.12
-4.1779
-508.24
1212
-11.346
808.84
580.52
17.817
1141.1
-1077.6
-954.95
591.74
-988.8
322.67
-44.687
-38.02
-186.6
202.19
608.32
-956.43
-64.285
-948.41
-889.02
-391.48
-992.66
1003.7
391.83
205.71
-838.14
217.54
315.79
-530.72
-834.76
58.447
-583.31
-1020
-1102.7
-1032.3
-46.85
95.572
882.01
-502.63
-1203.4
108.79
290.01
-308.13
-78.994
773.97
-1011.3
-1049.9
768.11
-603.28
-650.03
-315.06
-1184.4
-274.72
752.8
676.89
-264.9
800.85
-45.361
-636.52
663.36
-191.07
-1146.3
-327.82
-161.2
-19.509
-517.04
-61.826
-123.36
1111
218.72
-19.626
-672.95
359.34
-385.09
450.88
973.64
-435
-482.53
-984.6
-718.78
1144
349.98
-218.1
-663.28
292
871.7
968.86
248.82
399.09
-131.58
-860.33
194.44
1195.7
-331.7
60.014
-359.36
-1180.5
-161.76
-611.23
391.78
-244.08
1005.9
-211.6
-194.42
-856.1
0.2811
-276.23
-479.18
676.14
-910.51
95.482
856.37
-312.75
-357.15
1132
-458.77
-669.16
1068.3
396.15
-227.24
-229.73
-23.765
-406.6
1120.7
917.49
11.704
-952.93
167.7
-287.31
245.27
-1088.5
481.84
670.33
773.73
944.46
441.52
978.16
885.22
364.17
-235.57
83.935
-1127.6
-917.75
164.8
1191.9
-341.52
1023.7
-79.087
-116.04
1114.1
311.39
863.78
-400.89
113.28
302.65
769.21
-176.03
-1102.8
713.41
691.2
436.88
1096.7
-255.6
-903.48
373.51
952.19
-821.93
78.956
-84.479
-539.13
741.43
-183.1
-1044.1
-859.5
60.109
-518.64
-119.31
712.64
792.68
189.4
686.95
-349.32
-1133.9
868.42
-388.06
-251.76
661.9
1082.4
-907.81
390.15
-1028
-166.37
1076.5
253.25
-1061.9
-579.83
499.53
1092.6
-422.9
-206.87
439.8
-1195.8
-157.87
259.73
946.96
217.52
611.21
-212.44
897.66
368.28
202.18
-1117.7
310.42
-240.98
-692.95
-87.866
454.81
-557.6
474.33
1084.1
-117.41
-552.15
703.86
-194.03
271.66
-776.08
-613.58
942.66
-883.82
-522.1
-644.96
-566.56
-1168.8
-956.63
352.46
479.11
1196.4
890.12
-1120.2
488.98
-970.67
752.12
-1042.3
357.42
368.72
495.25
-62.434
-927.88
717.93
761.67
326.12
-428.56
11.354
-878.41
-237.22
248.36
899.7
-1060.2
457.19
566.79
-939.86
1035.9
-1020.7
-992.01
720.8
-931.26
-1201.1
-1172.2
169.54
1119.7
-912.77
-984.45
376.2
-686.22
-617.93
-773.41
976.34
-159.24
-103.99
-754.72
1047.7
718.59
-777.07
-688.38
712.42
12.23
-443.14
-1033.4
586.28
1118.4
-1143.7
-721.5
-813.72
-714.48
-452.74
876.66
23.067
220.84
191.39
-82.343
-1043.3
-731.07
-241.1
149.06
-166.43
-82.958
1020.1
-95.679
-682.86
-556.41
-1190.5
782.5
1046.3
-5.3698
386.17
-479.06
-856.22
-646.66
132.66
579.96
-798.6
-685.32
-139.3
312.8
-645.44
-1008.2
-356
-889.9
-86.403
-982.58
522.22
-320.58
640.78
-57.926
166.19
-531.23
-847.5
-676.64
411.15
-592.76
-965.01
418.29
-752.77
-327.21
107.39
-970.02
110.79
37.624
281.75
-826.99
-552.66
715.77
-153.71
-888.39
-550.4
383.1
7.3318
-271.61
-308.84
901.06
352.68
-109.09
-1179.7
-606.93
378.27
7.7609
-208.25
645.35
-603.31
-603.28
-11.256
1166.7
556.65
-878.14
293
587.32
-373.31
-461.95
-666.78
-786.58
-1134.4
-901.56
744.35
-856.24
1154.2
-746.7
16.887
-675.33
-21.354
-170.51
-1198.8
-737.32
630.28
-437.75
-357.39
419.55
245.3
-211.29
730.18
461.67
1134.2
946.35
273.41
1131.3
-75.041
225.88
-284.85
736.04
-209.21
-561.34
-585.79
669.41
504.87
-162.47
-326.02
902.88
601.54
-500.05
-563.58
-59.999
-757.61
-84.775
1051.5
56.967
219.19
899.41
-148.72
-428.61
621.66
827.04
191.35
406.31
-106.64
-918.87
-47.074
125.62
49.611
130.07
-482.92
-285.12
-274.04
-501.34
-1192.8
-650.64
-764.66
626.81
717.84
-456.58
-268.82
-645.05
-107.16
1068.4
775.43
-220.25
526.67
-1136.4
812.8
1043.7
-1121.4
-132.94
755.48
-1037.3
-400.67
-708.77
931.24
628.51
-525.18
-48.639
604.6
-418.8
-492.67
856.54
155.12
-298.36
-988.51
-63.741
419.82
-227.82
365.66
1140.2
-798.75
-906.16
1010.1
543.51
402.35
805.88
273.2
-518.89
-1094.3
883.73
-1065.3
-28.866
327.12
532.18
-357.56
519.74
75.303
-754.96
-921.37
354.02
-889
687.97
-757.83
124.33
303.23
476.44
880.09
124.73
1024.9
-1051.5
1127.4
888.18
-1095.9
388.74
981.86
-721.4
-899.91
302.79
-1154.9
-397.82
1005.3
-1001.6
129.1
873.84
-213.09
-216.99
386.04
-424.87
-845.84
-136.7
1159.4
825.36
-558.59
-554.41
76.837
471.19
-192.95
256.06
249.41
844.29
-553.68
-283.66
871.22
-709.62
-879.3
892.46
669.7
641.44
231.86
-444.8
329.72
605.69
925.29
-281.7
-970.79
593.06
-798.36
648.78
439.33
-682.3
86.669
276.16
882.18
-1145.9
161.4
-990.28
-376.76
648.95
139.92
-856.56
933.62
-1047.7
-408.27
-1148.8
-531.47
-711.34
660.34
-986.03
-689.4
-1000.7
693.42
222.83
-434.03
309.96
981.71
-584.33
-260.19
-735.45
778.2
-1075.4
-110.54
-611.74
-310.49
-829.3
217.63
137.51
-863.85
1166.6
577.75
-953.49
-990.43
68.048
-428.44
-47.494
-957.75
1158.5
651.98
942.64
419.53
783.62
-681.21
752.34
-586.56
604.65
-255.16
-1186.3
-817.46
-797.83
-81.41
-292.34
-705.85
-879.48
460.5
397.68
-663.84
-365.92
588.44
-966.15
767.82
-267.84
-475.51
859.92
173.69
-361.57
51.572
-445.67
-18.69
-134.27
709.7
115.41
-206.04
-654.92
-693.87
745.25
1076
-605.83
830.18
-1175.1
-878.21
843.47
-451.16
124.65
740.87
-1168.2
-447.69
-148.26
-1200.4
-117.66
139.85
-619.95
200.39
306.36
-313.31
-983.26
590.21
491.75
-336.44
640.59
513.77
242.02
-437.92
151.26
-688.87
-830.58
68.48
-461.9
262.8
-43.941
161.56
-870.17
-72.545
-224.17
-128.36
472.84
-616.01
-647.51
-905.74
125.64
117.67
-976.89
-434.3
-798.68
860.58
-352.07
76.067
-386.4
957.39
-931.28
823.78
-542.7
-623.04
-367.3
-819.02
757.66
-1046.8
573.18
631.89
-1060.7
723.13
-982.56
-1140.6
977.48
581.54
-979.62
211.24
-301.89
670.35
801.87
859.6
-82.52
-153.41
304.08
1001.4
660.05
904.8
-814.81
950.34
-216.23
344.76
-927.27
845.61
1001.9
-833.01
-838.72
554.15
103.87
-902.03
813.17
75.969
735.55
-1012.4
-667.55
857.9
305.95
508.95
-935.05
1031.7
701.75
396.79
-1002.3
778.25
1205.6
-817.61
1005.9
262.33
-672.15
467.11
494.88
1094
-1110.8
-933.59
344.25
675.94
-1096.6
448.93
-180.25
651.77
-334.96
-730.76
983.78
-956.29
182.21
-624.52
539.16
301.6
-107.59
689.96
-392.87
-843.63
302.74
-541.34
-1174.6
1151
-935.73
-657.62
-942.58
1152.2
-839.74
475.18
-914.9
531.38
992.91
581.42
-649.33
-687.72
527.76
700.37
-224.77
753.83
-1064.4
-770.13
-544.82
1104.3
-825.92
-341.04
-408.03
783.81
-837.44
74.796
-282.28
1073.3
1098.9
1202.8
-296.98
-287.53
413.19
-907.47
-201.01
-906.42
22.46
987.25
488.59
79.92
293.1
-928
-885.04
-202.49
514.4
513.26
267.44
632.3
206.82
-261.28
1201.8
259.98
1039.2
916.08
-999.01
-526.15
-1081.7
-848.35
608.83
-241.62
486.38
-1000.1
397.88
-270.52
-157.27
717.45
-482.97
-277.37
922.39
983.7
694.99
-461.15
-1173.6
-811.92
-590.79
-60.621
-284.83
-1128.6
1204.2
-948.63
800.51
1070.6
814.45
-815.4
-756.2
-343.66
424.8
1046.5
-837.7
1056
764.03
-797.32
185.19
-1048.7
1150.7
-646.61
943.37
367.41
-241.82
-204.13
-843.61
-1152.7
-1013.7
-833.84
1159
-806.14
555.12
-677.32
-590.65
-3.7733
-1205.6
-1108.8
206.96
923.49
-712.39
1132.5
47.82
381.18
-733.33
-990.02
-119.12
-486.28
100.67
295.92
-498.35
-411.31
-1213.3
-1002.9
1107.9
-759.97
479.87
420.45
-278.8
656.6
-586.03
-701.48
701.43
873.19
-484.75
790.23
3.6856
-400.77
-857.29
-574.9
365.49
-1021.9
757.35
209.22
607.08
367.5
1147.5
1162.5
490.46
-917.92
767.58
567.98
1051
-976.38
641.73
-284.54
-20.305
151.51
-935.83
-992.86
117.45
-982.58
-854.76
962.85
-578.28
856.71
-1121.2
81.58
550.68
-1197.6
687.87
-206.99
-752.24
411.95
1064
-485.65
1000.5
-315.06
80.854
281.02
-174.42
-899.28
373.43
657.21
60.352
288.07
-438.96
228.79
907.5
1015.8
-498.77
216.99
-207.51
167.83
639.27
235.84
-217.61
1004.1
-816.9
-850.9
258.42
780.8
-283.61
-24.331
-579.95
-699.44
204.7
752.61
-161.04
4.4146
427.4
633.71
43.735
347.46
-940.3
-704.3
-37.468
314.04
895.47
-795.66
490.17
124.81
1055
220.37
1070.8
919.21
-310.83
-132.29
-666.46
-15.32
792.68
-815.93
1001.6
862.52
-1008.9
1070.1
1113.1
1086.4
-424.65
-727.19
-376.66
685.27
889.39
1116
-634.56
780.99
627.2
-368.47
-46.155
1130.3
-1012.8
418.29
-251.78
-259.19
1186.6
46.394
384.49
-916.02
309.26
-952.98
-1123.1
132.04
-809.01
703.67
-883.27
687.58
-195.27
-445.99
-261.02
974.27
399.85
756.21
890.08
977.04
1074.4
367.82
-281.43
1066.7
-674.72
641.34
974.59
-24.902
-340.55
-675.5
-661.75
-604.86
43.361
-779.53
370.47
-843.73
-196.86
649.82
-569.31
-611.15
658.37
39.573
1087.1
-46.729
-400.18
595.97
278.25
293.39
271.03
486.38
278.78
592.28
388.43
1125.4
15.417
-822.52
-204.19
-214.43
-892.14
-475.41
426.33
-969.6
993.45
922.54
-935.37
456.93
-112.9
836.86
-744.61
412.43
92.668
-23.503
-477.33
1086.6
-1030.3
-391.75
43.4
1214.1
-821.67
-797.27
-827.81
-539.62
562.24
402.25
-824.02
-1143.9
1040.3
595.63
251.76
-339.53
301.02
-232.05
362.6
149.75
-738.68
-1012.9
554.88
53.684
42.204
-1151.2
-84.253
-2.684
-611.35
824.44
1051.5
1184.2
386.02
-618.25
-22.169
329.84
-1074.7
-1003.6
-746.09
-630.42
659.23
-1211
-1092.5
769.43
-884.8
-435.73
-715.28
-781.74
-768.3
1113.8
147.93
666.61
841.72
-52.646
-1154.1
-424.04
-703.62
892.53
-315.47
-427.2
119.11
-702.35
-962.19
-551.4
-269.18
500.25
-169.62
229.7
-455.42
554.91
-376.73
1152.5
-210.05
-48.024
346.8
661.66
-582.48
-770.3
1163.2
729.57
-421.06
-404.19
-712
441.33
-735.72
-539.62
331.9
-965.62
-1017.4
591.36
-399.53
284.06
-58.738
607.64
309.48
-483.07
1046.4
-23.08
-944.5
770.47
986.35
323.18
-387.01
118.04
-1014.2
-366.11
1033.9
842.3
-738.71
755.77
-546.69
344.95
135.65
162.16
870.73
-968.36
914.79
559.28
-137.03
-710.37
-835.86
558.57
-488.25
159.45
136.22
518.38
1184.7
-35.818
600.15
81.962
1195
-915.2
1099
-891.8
-919.52
1006.9
1091.2
401.06
149.12
-831.36
479.41
-211.68
206.08
1188.7
-1170.7
297.54
-871.77
739.42
-1015.4
-411.87
-589.11
-1033.7
-551.57
25.746
-245.68
-1202.3
-900.35
1018.4
-545.71
613.78
1164.3
179.81
-48.396
-924.7
124.21
487.23
505.6
-625.47
-19.648
131.16
-142.54
410.54
1056.4
371.51
-807.13
-630.11
-277.08
-434.2
190.46
1185.5
-561.1
191.29
-503.55
1018.1
-935.46
-60.728
728.5
793.34
-304.85
-504.84
-303.25
1184.3
-160.5
768.06
-1057.3
-173.98
-1165
-286.34
-207.47
146.93
933.28
-31.104
643.24
416.71
751.69
1198.1
802.52
-709.57
913.33
-891.36
-272.9
-884.09
1147.4
-1026.6
664.21
663.87
-447.79
-219.88
129.34
-156.45
-926.88
644.79
394.82
875.13
1057.3
-71.741
788.62
-996.33
-485.33
-1021
-364.97
753
488.15
1157.1
1035.9
-985.18
-884.92
-1072.2
277.03
804.08
230.91
-339.63
1149.1
-574.27
1150.2
124.56
-131.27
969.78
7.323
1019.5
1053.1
-934.1
579.42
394.79
647.49
-896
1166.7
418.97
917.73
-1081.9
-19.401
-27.66
200.35
1001.8
617.94
939.36
-789.18
-1033.7
-559.08
-696.57
-414.76
392.36
-46.636
-699.19
806.22
-676.62
544.16
394.04
-664.27
589.24
954.66
539.94
-214.62
525.36
1074.6
1059.6
163.51
-1127.6
-1067.1
-755.4
-299.41
168.45
412.31
985.7
680.58
939.82
375.91
-906.5
-1209.5
-790.76
326.85
774.41
-122.12
752.27
-1143.7
-1128.3
-281.55
-468.05
-436.49
-653.24
939.72
-29.323
-1113.6
516.56
350.54
1105
394.77
-529.12
679.37
-1033.8
-509.56
-408.32
-718.83
211.07
149.84
-1201.7
465.48
-491.94
0.46501
-233.35
308.67
372.53
-1056.9
311.74
-24.341
-1185.2
-1199.6
-29.874
731.27
503.02
-644.83
-228.85
497.73
-496.17
929.83
-1059
302.11
236.44
707.36
243.38
845.61
-828.23
1101.3
399.94
917.92
-927.73
627.37
-14.236
-657.18
25.856
-860.3
-1009.1
4.6916
1143.9
-892.11
1139.2
728.53
1164.3
1013.1
72.336
1147.7
-571.18
21.796
-31.405
-6.4048
-429.93
474.55
-540.83
-85.397
464.66
-724.61
95.429
-278.63
720.92
-820.09
404.85
-443.27
-397.36
-7.6509
277.03
-495.63
-1098.8
732.47
-728.23
-149.15
-280.67
98.571
-254.28
-165.25
-824.22
-678.54
-1147.5
80.506
527.45
-1205.8
-298.97
-669.6
1040.4
-327.5
931.19
-962.19
-1156.4
-1147.3
-824.51
350.96
697.72
-342.2
-114.03
-277.9
966.55
1075.3
-676.25
682.77
-112.23
54.097
1092.5
-799.97
457.73
-338.7
-1022.9
-493.42
615.97
693.66
519.72
-973.54
-185.4
1008.7
-184.38
-921.13
-549.21
400.6
815.5
-321.91
1076
-833.23
769.81
486.36
351.37
173.99
-1210.4
849.71
617.33
-949.87
951.24
-345.73
-847.5
707.19
83.218
-467.66
-206.15
566.01
-292.68
-406.82
-812.84
-299.05
218.68
-378.43
-551.11
-604.28
868.35
81.094
376.79
-572.23
962.76
1137.3
-150.27
918.41
866.33
-812.14
-1168.5
-238.59
-380.01
612.08
-902.49
1120.2
-719.34
45.609
483.78
663.38
400.45
-501.32
1129.4
-331.49
-773.16
226.65
-27.172
-615.14
1077.4
-32.858
1004.7
-892.23
-462.83
-202.42
-228.37
1133.9
-762.15
625.11
1088.8
168.5
-1021
-1063.9
317.18
-727.07
614
-415.61
-96.335
-96.566
-400.91
471.14
310.54
-930.51
-1074.9
-164.59
1051.8
-953.95
-1161
442.91
571.48
-623.91
929.05
229.29
216.51
-206.78
-1023
554.18
862.18
-378.14
909.76
784.44
-746.85
393.04
-1006.9
347.75
153.25
1000.6
795.45
-344.73
644.06
570.7
-1018.3
22.396
-472.74
238.92
14.917
-802.71
753.85
371.93
90.396
950.27
-1080.7
-506.3
177.62
4.8804
557.87
-66.402
1042.4
1109.2
415.89
32.732
735.04
-671.98
936.29
531.82
793.05
-943.41
154.12
911.05
772.34
-1045.5
115.17
1185.5
703.89
-639.03
-265.46
-902.68
-958.96
-407.5
597.45
-211.67
869.37
222.38
434.55
86.873
-989.12
-263.11
-126.74
-1070.8
528.69
-488.07
1206.7
-1007.9
-1176.5
-728.21
747.99
-70.876
-454.03
-518.84
1168.6
629.24
-896.46
310.69
-101.86
429.98
505.04
-791.53
12.827
79.043
89.436
-203.16
137.53
428.33
29.619
159.32
-984.5
-71.038
-805.14
538.72
1173.2
1019.5
-226.02
600.52
-146.75
848.23
-131.1
526.91
382.79
-1049.9
277.55
-639.56
81.31
-769.49
1177.7
468.47
-507.64
415.89
181.51
773.34
-604.84
-645.54
-558.47
-692.66
1147.8
1080.4
954.57
-1131.1
-484.21
-380.3
-693.05
1178
-469.19
496.05
-114.34
1073.1
-292.17
949.22
-619.85
-979.49
-694.62
-88.838
755.87
343.69
143.85
438.27
-419.99
-110.22
403.52
-426.3
-316.93
473.62
-266.58
-174.21
-674.29
615.12
669.6
-154.49
-1039.8
401.26
-165.48
1042.3
600.42
-338.97
-298.63
-840.69
400.45
-778.82
931.29
-1183.9
-1073.5
657.06
-1101
916.03
654.75
-976.16
-130.73
197.55
261.31
-711.37
-840.33
15.939
-37.857
-914.66
-484.65
-882.68
-1085.9
-279.53
583.8
380.36
1115
14.356
331.81
-372.6
-615.38
1098
-811.51
68.368
1209.2
996.22
370.49
-894.01
546.81
325.54
724.54
604.65
-1130.3
8.3516
-300.04
957.12
-769.08
-931.99
-235.71
441.98
610.02
530.61
567.54
-446.76
415.91
-936.24
1093.2
-51.448
233.3
245.74
-250.52
-1006.9
-577.96
-569.33
11.022
-696.01
-353.16
-740.09
24.419
460.33
-113.48
1133.9
637.87
-1181
977.65
35.459
310.45
536.51
-1153.6
414.18
637.06
-905.65
449.03
508.78
549.51
809.62
245.44
1157.3
986.98
-1065.8
615.87
13.398
-774.4
-1162
1149.6
-1055.6
452.07
1010.6
567.44
826.02
732.83
-955.61
523.95
1160.2
-992.03
802.72
-533.49
-1094.1
109.03
718.18
101.03
-703.91
-484.62
233.34
432.48
236.72
-447.81
925.55
1139.3
1023.4
-357.54
-908.73
-627.58
-41.266
1017.1
-538.84
326.83
221.94
-156.42
808.23
-927.59
-79.434
-418.07
-732.12
751.78
829.71
601.78
707.61
1049.5
730.86
551.19
313.31
-1145.5
-267.8
-818.92
-497.09
413.8
925.67
-1044.1
-888.68
135.05
969.46
-1186.6
-13.383
-106.29
860.14
356.03
-466.08
-1073.2
-912.13
1074.6
902.3
-189.78
-1122.8
677.35
-432.48
319.22
508.08
947.84
-162.71
1127.5
114.87
453.74
26.645
-1066
-432.82
-387.35
170.67
-674.53
40.19
962.46
-678.32
-127.97
-30.183
754.17
1207.9
-200.9
-1082.2
956.27
987.49
-910.94
-700.75
96.673
20.915
124.52
-1167.8
624.09
-142.42
-362.61
934.37
1119.1
196.22
30.703
-448.3
-425.48
-1038.1
-157.63
229.4
-373.87
-5.6928
-216.06
-537.62
836.3
-1089.9
567.15
1096.2
-425.67
890.17
-440.76
-624.25
-638.86
-349.18
-765.53
157.83
835.89
-123.56
40.073
537.63
533.4
-1078.2
-238.21
952.16
125.58
-242.52
1182.3
678.2
1097.9
259.25
-624.81
175.73
526.06
135.67
-268.06
500.52
679.08
-424.82
1095.3
-1154.7
-410.78
-486.4
521.78
-212.4
1005.2
335.55
-138.13
-108.76
915.37
-293.12
504.17
-834.45
1019.6
-855.64
-413.62
-389.95
1015.8
-624.54
655.05
-914.03
366.92
-318.07
1124.9
-292.44
215.06
-180.4
-1141.8
-563.84
-363.22
804.56
-297.61
1048.5
85.561
530.29
-208.93
-23.731
147.05
79.386
2.6733
-1102.7
832.68
744.3
-1085.5
955.13
612.33
1014.2
-1109.7
30.696
233.67
-1125.4
-986.74
1147
-447.13
191
-819.77
534.13
-1155.1
-380.84
-35.84
1176.5
78.88
337.01
-358.6
1175.6
-896.87
-547.2
559.94
-99.268
844.88
1185.6
909.69
-231.37
-462.2
217.77
734.39
265.61
889.08
1088.4
-426.6
1136.2
50.165
567.66
357.49
453.4
-312.36
509.46
123.68
-112.35
499.09
541.95
-756.69
950.87
-633.95
-828.06
-1120.5
272.76
-177.14
943.83
142.27
-330.2
-306.51
90.775
-1062.5
253.49
-944.33
-766.82
20.315
11.024
-221.18
323.74
629.75
349.93
590.09
-324.37
-246.7
177.54
-996.48
806.09
-1056.5
220.43
127.06
995.22
-690.25
-499.2
880.19
983.73
-1028.9
893.5
1027.7
966.55
417.63
-289.81
-682.06
-303.47
205
-618.47
1059.5
-194.39
367.29
-1102.7
-368.49
-498.35
-464.6
-954.78
872.51
-1149.3
-895.56
732.25
-201.02
1110.6
69.022
1190.5
1109.8
183.02
-428.22
1012.8
811.63
-557.94
995.71
672.01
-195.29
785.76
-277.01
77.605
-1105.4
1195.4
-58.014
1042.8
442.57
-107.6
-988.75
1167.6
-506.66
-440.3
233.92
995.85
-331.73
-541.75
1.5727
109.43
1206.4
511.85
654.41
505.62
536.51
514.49
862.91
-499.06
835.5
1157.6
396.06
-214.76
-795.52
-113.51
988.78
52.612
863.1
-424.12
884.27
53.822
1008.7
-536.02
1037.3
878.78
-450.75
-909.78
412.6
690.91
-275.86
-272.87
856.13
-122.18
800.02
817.05
955.59
612.57
425.92
-921.15
-1141.7
277.57
565.33
1101.1
308.67
-74.163
-32.144
891.7
773.63
264.93
167.33
18.466
888.5
419.94
-512.18
987.79
-1068.9
70.82
21.597
-27.67
851.41
934.18
1050
-847.74
-1137.5
-737.34
334.41
611.11
-462.97
-179.05
311.08
302.36
215.78
-466.28
-423.02
1081.5
895.52
325.1
138.89
-314.89
77.357
476.46
573.74
348.38
659.42
-667.65
-164.08
-531.69
791.08
165.97
676.43
-235.28
452.51
803.96
757.11
835.47
-366.89
1067.8
-1036.9
-748.11
121.39
-63.875
-1028.8
-1146.2
-1087.9
-255.31
1149.2
-343.66
73.991
619.71
-335.74
-689.42
-1178
418.95
-767.74
89.747
-574.49
-418.8
1163.3
-728.77
736.62
-101.77
177.65
-761.86
-923.36
-579.93
288.31
-5.6984
1187.9
-865.77
-353.21
71.778
451.27
40.025
-992.93
1116.7
-128.94
-418.6
-1125.3
33.945
743.47
1061
-35.495
-71.695
838.24
-918.79
-845.87
401.48
772.83
762.91
906.79
-214.16
-930.87
-1150.3
-872.6
431.51
831.07
255.12
-799.72
166.44
839.46
-271.46
279.42
29.372
-187.8
-969.7
671.79
-578.93
-1077.8
-332.85
-715.94
448.37
-918.45
-6.9088
375.5
77.799
1106.9
515.39
849.32
-84.522
808.14
128.02
-329.91
431.73
647.12
-90.036
285.61
-738.9
430.42
-735.81
162.44
1097.5
1125.1
684.08
661.1
-1.0991
-941.9
1011
864.9
-739.9
-292.22
-728.5
325.27
-943.75
1145.8
1078.8
351.15
-172.09
818.39
-862.03
-809.54
1008.8
-43.579
-243.45
50.168
1014.9
404.85
-970.28
1043.9
-664.32
798.73
1033.2
756.13
543.1
-866.84
549.22
661.56
452.99
1087
524.12
-617.01
-763.54
-579.52
-1022.6
-1138
-37.368
-224.11
-74.564
312.49
-502.17
-957.19
81.031
1009.1
272.1
933.21
-429.03
-669.57
559.94
-358.77
-301.14
-503.34
-396.2
814.94
1048.8
391.34
731.64
-509.19
1168.3
1057.8
-598.91
492.45
-661.33
493.89
-308.52
643.96
193.1
-371.14
360.97
706.54
-692.63
1129.6
-765.27
459.5
919.72
1120.5
-124.67
390.76
-781.11
172.16
913.69
-754.26
51.711
-210.07
-263.88
-93.535
832.46
-957.07
205.24
-198.57
-518.74
859.07
-428.64
-1098.4
576.87
-1150.1
-1198.9
-179.21
-935.66
-944.36
245.49
-311.49
-732.87
109.41
-227.82
940.98
-423.02
-314.01
-142.47
-944.09
75.789
-875.13
362.11
1113.5
400.7
720.36
-183.51
-857.22
-39.589
803.13
-467.35
974.15
89.849
-1051.2
-791.1
-1049.7
783.59
-529.09
737.81
-908.64
-287.94
-709.84
-766.46
571.55
630.92
1159.9
445.82
785.54
-821.84
-1037.5
-52.471
-326.63
372.39
685.32
301.6
-1109.5
132.35
790.13
61.139
1154.7
78.693
1075
660.46
1188.5
104.06
474.2
-66.509
-594.39
-787.14
946.26
498.89
-999.59
393.24
996.39
570.04
-593.73
-817.19
-598.98
402.59
-52.082
-28.739
-515.44
404.12
31.189
306.29
-52.988
-403.2
957.82
-336.13
108.36
-765.02
1130.7
871.1
-699.63
42.751
-1089.2
-207.17
-398.07
-369.47
-1093.9
-651.81
-699.58
-716.71
492.33
-771.87
-414.37
-595.36
47.227
170.82
-625.49
-835.64
866.21
-549.8
91.755
343.3
893.43
1149.2
174.58
646.22
509.44
1134
313.82
115.56
151.76
-725.12
425.75
-767.09
347.41
-149.91
418.56
827.72
708.24
647.83
119.4
-1186.7
753.22
765.17
368.55
-1082.6
-135.74
-488.17
-162.53
1205.7
1113.1
303.79
-350.97
1063.9
-877.07
-549.6
-560.37
413.87
-1036.7
-807.35
57.015
-709.52
403.42
1103.1
-208.91
-1099.9
-88.347
751.69
1130.2
-902.61
-222.15
272.49
-797.49
440.38
-3.1476
-183.13
1185.2
-140.42
699.49
112.86
875.76
985.6
695.99
927.84
-974.68
-664.83
365.66
-67.167
491.58
-853.69
-725.27
-297.71
-405.24
-368.83
274.39
16.453
-592.88
1199.5
83.449
-453.13
-231.13
703.86
-1161.6
-922.15
-512.79
978.67
18.584
999.77
-557.82
813.34
296.47
210.54
297.47
-340.04
-59.297
-450.51
-1051.9
-622.89
258.76
-163.65
-156.05
-982.6
-1069
908.32
-809.3
-869.41
378.51
-1005.1
669.65
58.716
-624.84
-901.73
-918.11
-1102.9
707.05
-1023.4
-91.63
860.14
374.4
734.75
1180.3
506.4
-308.33
497.95
742.28
-998.47
-1045.2
665.37
888.57
-353.82
450.25
255.33
-738.39
362.79
-413.67
-183.32
753.48
509.71
-483.48
-972.13
-360.79
886.48
925.82
1169.1
-158
-752.22
-311.32
-273.94
-726.19
809.55
-356
-162.97
-392.58
-850.63
-659.58
297.47
681.51
-647.8
-1156.2
218.43
-836.51
-890.77
249.94
538.53
571.82
935.39
846.63
-544.65
-15.91
-313.19
645.37
741.65
209.09
438.65
-667.38
-698.32
453.48
949.37
-598.35
842.03
-907.35
338.61
1091.6
701.58
269.14
173.69
-1199.6
252.42
-610.28
-464.33
495.32
-12.715
1136.9
-1088.2
1039.6
-566.3
1080.9
351.3
-62.657
700.46
-1193.4
-854.96
452.87
99.054
112.63
-40.279
-948
163.02
-367.94
786.68
-57.136
1167
-1061.2
-678.68
171.6
-498.23
-363.44
7.1415
977.26
-19.007
-1080.1
-784.34
-219.08
366.85
-26.416
1063.5
971.97
390.59
806.82
883.13
-354.11
-251.73
-1063.9
187.65
571.21
999.74
-2.579
-383.24
-594.24
875.33
140.49
1137.4
1042.8
-213.2
-1030.4
1147.8
-308.04
-956.99
-614.73
941.62
472.19
-630.33
912.65
554.15
549.46
383.49
499.91
-1202.5
816.01
297.25
-497.92
142.37
-942.97
-673.12
88.02
243.08
940.67
-847.52
1205.1
-666.97
1111
-808.13
400.89
-399.4
33.738
-93.346
392.82
-905.5
107.75
-891.65
-196.51
315.67
27.829
1058.1
274.97
1205.2
1120.2
313.61
-618.27
-163.24
-197.08
992.18
-905.16
1179
-668.6
544.21
869.42
-506.81
1119.4
-266.22
273.15
680.41
-460.15
1148.3
763.2
1097.4
-187.29
-314.09
374.5
929.05
767.97
240.44
4.4357
-199.66
-23.163
1026
76.902
698.91
-985.98
-968.75
-554.8
1088.8
1157.1
540.86
406.99
888.59
-160.9
-580.54
-176.42
860.16
731.4
954.47
-878.55
667.8
-469.83
-726.07
-192.09
-1092.3
-522.87
-995.63
-1112.6
-467.18
804.56
-1187
858.56
-384.99
-338.97
-254.04
415.86
-876.73
-260.92
-441.05
793.22
-951.6
1067.5
-211.17
678.28
-157.86
-753.97
-1020.7
997.77
-333.04
921.42
61.528
-190.22
946.84
-286.85
-323.27
-682.33
939.99
-246.75
-867.96
769.33
-97.297
-583.72
496.37
-145.16
-1150.5
-431.75
-170.72
-551.35
-824.34
709.74
117.49
-459.04
962.2
-323.42
-413.91
280.44
-737.03
-418.33
-782.47
-99.686
732.93
-155.34
-1011.7
200.28
132.79
-1126.5
-813.09
1024.2
-283.61
46.78
-440.62
81.794
443.61
-408.49
-714.43
399.46
1082.5
-886.11
-467.52
593.93
238.59
-1086.3
275.92
-613.27
-349.71
-1157.7
206.52
-1000.4
414.96
172.33
1021.7
-552.74
755.11
-888.15
-953.81
730.69
-463.41
-1015.2
1157.4
-644.91
-770.51
830.52
-615.53
-991.09
1189.3
-103.28
152.54
-357.68
-1084.3
-1182
1046
-138.25
491.58
1076.3
-1173.3
-581.41
-54.315
167.07
630.84
-602.48
-232.58
-1025.5
-722.72
948.01
385.44
329.06
-1175.2
-764.88
-1152.9
717.5
-481.03
-31.286
-15.101
-1067
521.76
-1212.4
531.04
-93.778
495.37
703.35
-1192.4
-604.62
-986.93
693.17
-1174.5
814.82
-1045.3
-751.54
-1026
611.06
-858.75
-265.37
-97.802
-729.81
-426.91
1115.2
-829.56
526.38
-642.53
757.74
692.3
591.7
590.99
-1003.6
-473.93
-100.81
109.16
-180.8
-667.29
-347.43
-999.98
-191.89
-1081
1212.7
-752.22
-559.78
-948.61
1096.2
384.2
917.44
1003.3
-1143.2
-102.27
-180.76
-28.73
993.3
980.11
315.62
889.27
408.08
-359.8
-668.67
-797.85
-1203.6
-25.884
-45.494
-539.45
650.33
622.22
-484.94
-38.214
-243.3
-293.29
20.879
652.03
-273.43
348.06
-468
-210.9
-918.87
531.31
56.996
-273.99
9.7832
-1040.9
234.9
331.13
-385.82
-659.07
-324.46
-1123.4
-777.34
-925.84
470.17
546.25
-1212.7
404.61
1094.7
400.04
-1153.9
-1091.4
-186.52
-862.73
-405.41
-538.21
1142.6
-567.49
-232.04
-561.63
682.87
512.79
627.59
-643.28
-175.26
-837.46
-1170.2
147.8
-244.52
-778.34
694.58
-461.03
66.626
-460.01
915.91
-1009.2
-51.557
-928.27
514.35
115.7
1092.4
428.81
-540.47
-81.485
396.93
296.94
-978.69
587.37
862.93
431.9
508.23
-978.45
-275.79
-1081.7
705.2
-762.11
-380.06
-1018.3
775.89
-822.59
683.16
1143.9
-299.34
739.63
-850.8
927.25
-9.0605
-834.91
440.04
282.77
261.14
660.29
-549.07
1156.2
-111.75
-169.32
-0.31038
-1073.1
-137.59
-639.15
-730.3
30.431
339.85
-880.71
-572.86
532.21
3.6308
-821.16
-331.92
-920.13
534.49
-551.08
436.78
431.24
-578.84
-40.032
-40.991
-225.42
898.51
912.46
-327.16
207.54
743.81
602.34
-719.27
-765.82
-614.99
908.23
-161.5
-494
-158.57
214.27
523.9
-780.7
948.81
-352.09
976.95
179.79
-116.39
-50.097
576.7
210.86
552.45
-260.07
939.94
1120
191.15
-424.31
-1110.8
-249.79
560.91
261.51
533.72
-603.5
-1083.8
631.06
696.38
-1007.8
648.31
681.61
710.4
765.76
225.27
0.38657
196.71
-910.51
708.65
-563.28
682.84
892.46
