0.000000
-0.019603
-0.038424
-0.056480
-0.073789
-0.090369
-0.106235
-0.121405
-0.135895
-0.149721
-0.162900
-0.175447
-0.187377
-0.198705
-0.209448
-0.219619
-0.229233
-0.238304
-0.246846
-0.254874
-0.262400
-0.269438
-0.276001
-0.282103
-0.287754
-0.292969
-0.297758
-0.302135
-0.306109
-0.309694
-0.312900
-0.315738
-0.318218
-0.320352
-0.322149
-0.323619
-0.324772
-0.325617
-0.326165
-0.326423
-0.326400
-0.326105
-0.325547
-0.324733
-0.323671
-0.322369
-0.320833
-0.319072
-0.317092
-0.314899
-0.312500
-0.309901
-0.307108
-0.304126
-0.300961
-0.297619
-0.294103
-0.290419
-0.286571
-0.282563
-0.278400
-0.274085
-0.269621
-0.265011
-0.260260
-0.255369
-0.250341
-0.245178
-0.239882
-0.234456
-0.228900
-0.223216
-0.217405
-0.211469
-0.205406
-0.199219
-0.192906
-0.186469
-0.179905
-0.173216
-0.166400
-0.159456
-0.152382
-0.145178
-0.137841
-0.130369
-0.122760
-0.115011
-0.107121
-0.099085
-0.090900
-0.082563
-0.074071
-0.065419
-0.056603
-0.047619
-0.038461
-0.029126
-0.019608
-0.009901
0.000000
0.010101
0.020408
0.030928
0.041667
0.052631
0.063829
0.075267
0.086953
0.098895
0.111100
0.123577
0.136335
0.149383
0.162728
0.176381
0.190351
0.204648
0.219282
0.234262
0.249600
0.265306
0.281391
0.297865
0.314742
0.332031
0.349746
0.367897
0.386499
0.405562
0.425100
0.445126
0.465654
0.486696
0.508267
0.530381
0.553052
0.576295
0.600123
0.624553
0.649600
0.675279
0.701605
0.728595
0.756265
0.784631
0.813711
0.843520
0.874076
0.905397
0.937500
0.970403
1.004124
1.038682
1.074095
1.110381
1.147561
1.185653
1.224677
1.264653
1.305600
1.347539
1.390491
1.434477
1.479516
1.525631
1.572843
1.621174
1.670646
1.721280
1.773100
1.826128
1.880387
1.935899
1.992690
2.050781
2.110198
2.170963
2.233103
2.296640
2.361600
2.428008
2.495890
2.565270
2.636175
2.708631
2.782664
2.858301
2.935567
3.014491
3.095100
3.177421
3.261481
3.347309
3.434933
3.524381
3.615683
3.708866
3.803960
3.900995
4.000000
