-1.000000
-0.970593
-0.942345
-0.915214
-0.889162
-0.864150
-0.840139
-0.817093
-0.794977
-0.773754
-0.753390
-0.733853
-0.715109
-0.697126
-0.679875
-0.663324
-0.647445
-0.632208
-0.617586
-0.603552
-0.590080
-0.577144
-0.564719
-0.552781
-0.541307
-0.530273
-0.519659
-0.509442
-0.499601
-0.490117
-0.480970
-0.472141
-0.463612
-0.455364
-0.447382
-0.439648
-0.432146
-0.424861
-0.417778
-0.410882
-0.404160
-0.397598
-0.391183
-0.384902
-0.378744
-0.372697
-0.366750
-0.360892
-0.355112
-0.349402
-0.343750
-0.338149
-0.332588
-0.327061
-0.321558
-0.316072
-0.310595
-0.305120
-0.299640
-0.294149
-0.288640
-0.283107
-0.277544
-0.271946
-0.266306
-0.260621
-0.254884
-0.249091
-0.243238
-0.237319
-0.231330
-0.225267
-0.219126
-0.212903
-0.206594
-0.200195
-0.193703
-0.187112
-0.180421
-0.173625
-0.166720
-0.159703
-0.152571
-0.145320
-0.137945
-0.130445
-0.122814
-0.115049
-0.107146
-0.099101
-0.090910
-0.082569
-0.074074
-0.065421
-0.056604
-0.047619
-0.038462
-0.029126
-0.019608
-0.009901
0.000000
0.010101
0.020408
0.030928
0.041667
0.052632
0.063830
0.075269
0.086956
0.098901
0.111110
0.123594
0.136360
0.149420
0.162782
0.176457
0.190456
0.204790
0.219471
0.234510
0.249920
0.265714
0.281906
0.298509
0.315538
0.333008
0.350934
0.369332
0.388220
0.407613
0.427530
0.447989
0.469009
0.490610
0.512811
0.535633
0.559099
0.583229
0.608047
0.633576
0.659840
0.686864
0.714674
0.743296
0.772757
0.803084
0.834307
0.866454
0.899557
0.933645
0.968750
1.004906
1.042145
1.080501
1.120011
1.160710
1.202634
1.245822
1.290313
1.336145
1.383360
1.431999
1.482105
1.533720
1.586890
1.641660
1.698077
1.756187
1.816039
1.877683
1.941170
2.006551
2.073878
2.143207
2.214590
2.288086
2.363750
2.441642
2.521820
2.604345
2.689280
2.776687
2.866630
2.959174
3.054387
3.152337
3.253091
3.356722
3.463299
3.572897
3.685590
3.801453
3.920562
4.042997
4.168837
4.298162
4.431055
4.567600
4.707881
4.851985
5.000000
