-1.000000
-0.980199
-0.960792
-0.941773
-0.923136
-0.904875
-0.886984
-0.869457
-0.852288
-0.835471
-0.819000
-0.802869
-0.787072
-0.771603
-0.756456
-0.741625
-0.727104
-0.712887
-0.698968
-0.685341
-0.672000
-0.658939
-0.646152
-0.633633
-0.621376
-0.609375
-0.597624
-0.586117
-0.574848
-0.563811
-0.553000
-0.542409
-0.532032
-0.521863
-0.511896
-0.502125
-0.492544
-0.483147
-0.473928
-0.464881
-0.456000
-0.447279
-0.438712
-0.430293
-0.422016
-0.413875
-0.405864
-0.397977
-0.390208
-0.382551
-0.375000
-0.367549
-0.360192
-0.352923
-0.345736
-0.338625
-0.331584
-0.324607
-0.317688
-0.310821
-0.304000
-0.297219
-0.290472
-0.283753
-0.277056
-0.270375
-0.263704
-0.257037
-0.250368
-0.243691
-0.237000
-0.230289
-0.223552
-0.216783
-0.209976
-0.203125
-0.196224
-0.189267
-0.182248
-0.175161
-0.168000
-0.160759
-0.153432
-0.146013
-0.138496
-0.130875
-0.123144
-0.115297
-0.107328
-0.099231
-0.091000
-0.082629
-0.074112
-0.065443
-0.056616
-0.047625
-0.038464
-0.029127
-0.019608
-0.009901
0.000000
0.010101
0.020408
0.030927
0.041664
0.052625
0.063816
0.075243
0.086912
0.098829
0.111000
0.123431
0.136128
0.149097
0.162344
0.175875
0.189696
0.203813
0.218232
0.232959
0.248000
0.263361
0.279048
0.295067
0.311424
0.328125
0.345176
0.362583
0.380352
0.398489
0.417000
0.435891
0.455168
0.474837
0.494904
0.515375
0.536256
0.557553
0.579272
0.601419
0.624000
0.647021
0.670488
0.694407
0.718784
0.743625
0.768936
0.794723
0.820992
0.847749
0.875000
0.902751
0.931008
0.959777
0.989064
1.018875
1.049216
1.080093
1.111512
1.143479
1.176000
1.209081
1.242728
1.276947
1.311744
1.347125
1.383096
1.419663
1.456832
1.494609
1.533000
1.572011
1.611648
1.651917
1.692824
1.734375
1.776576
1.819433
1.862952
1.907139
1.952000
1.997541
2.043768
2.090687
2.138304
2.186625
2.235656
2.285403
2.335872
2.387069
2.439000
2.491671
2.545088
2.599257
2.654184
2.709875
2.766336
2.823573
2.881592
2.940399
3.000000
