0.000000
0.209833
0.438669
0.685520
0.949418
1.229426
1.524642
1.834218
2.157356
2.493327
2.841471
3.201207
3.572039
3.953558
4.345450
4.747495
5.159574
5.581665
6.013848
6.456300
6.909297
7.373209
7.848496
8.335705
8.835463
9.348472
9.875501
10.417380
10.974988
11.549249
12.141120
12.751581
13.381626
14.032254
14.704459
15.399217
16.117480
16.860164
17.628142
18.422234
19.243198
20.091723
20.968424
21.873834
22.808398
23.772470
24.766309
25.790077
26.843835
27.927547
29.041076
30.184185
31.356545
32.557733
33.787236
35.044460
36.328733
37.639314
38.975398
40.336123
41.720585
43.127837
44.556911
