31.532
29.861
13.725
42.484
25.094
37.703
26.964
26.353
25.032
22.445
26.647
7
35.946
31.876
43.104
26.442
37.429
38.989
9.3459
32.389
7
44.562
23.74
30.848
43.201
53.802
13.658
16.974
29.894
19.753
47.257
30.763
33.038
7.9555
20.867
16.022
27.083
51.263
24.896
23.48
28.654
24.896
23.101
30.877
23.708
9.8928
31.817
27.408
39.828
22.811
34.14
25.249
34.489
26.408
53.572
41.806
31.936
25.032
24.397
34.49
30.247
26.968
40.822
24.81
30.194
8.8216
21.489
47.97
12.168
24.87
33.841
31.67
34.581
29.235
40.822
40.688
19.486
26.103
54.391
27.95
18.031
22.81
54.15
19.39
17.127
21.65
35.382
24.657
19.537
33.037
38.367
14.011
25.939
42.484
15.891
39.481
24.474
33.908
38.835
26.388
25.752
42.754
18.008
19
36.984
25.77
24.361
35.608
24.198
37.538
26.388
23.098
25.828
43.104
33.503
7.6494
29.231
29.818
7
35.223
10.646
25.77
26.493
19.556
31.07
21.17
21.077
17.8
39.925
26.477
33.807
24.681
26.31
32.707
32.921
18.979
32
31.356
7.6494
42.81
26.408
27.626
41.241
54.948
43.94
21.65
53.687
26.631
33.641
19.317
8.8214
29.951
27.424
17.305
24.082
21.546
25.857
7.5978
14.694
34.979
43.749
44.338
42.754
26.781
45.866
31.494
37.857
24.398
44.503
32.379
34.657
31.88
37.485
54.55
26.49
22.244
34.817
24.385
30.148
36.903
49.419
32
31.974
32.988
42.28
40.034
19.343
25.905
24.679
11.261
16.542
34.044
15.183
26.663
46.013
27.63
18.466
13.11
18.951
19.051
26.545
39.423
34.817
44.853
45.489
54.63
14.957
25.835
45.727
21.344
31.936
31.21
28.655
28.032
16.902
31.513
18.18
36.029
32
26.255
16.641
29.951
24.377
31.33
39.24
24.702
14.039
19.882
7.4553
24.397
26.67
24.662
26.218
32
30.922
27.715
38.849
25.752
39.059
24.084
15.004
24.377
25.642
38.367
24.197
35.107
13.088
32
41.289
37.211
28.156
20.185
31.355
18.698
25.939
28.952
39.696
24.321
26.974
14.18
26.493
7.0883
19
32.222
19.349
28.655
21.903
39.982
48.53
24.804
25.704
32.781
54.471
32.78
40.91
17.546
32.78
52.184
45.546
53.167
30.762
9.9863
25.729
30.335
16.022
12.319
39.982
13.876
9.2146
22.946
43.524
36.984
24.767
39.24
26.583
27.424
12.06
26.565
25.497
41.241
40.91
34.961
20.767
32
26.323
33.202
22.182
21.706
29.835
44.562
21.922
39.469
7.6689
26.785
20.185
16.835
25.905
39.418
40.657
16.807
33.641
22.429
27.424
20.797
39.289
29.927
26.23
16.029
19.317
24.662
46.674
30.221
20.407
29.927
24.81
32
26.104
53.167
21.893
17.699
37.635
21.538
42.515
39.059
30.763
45.489
32
41.296
35.385
26.353
25.767
12.06
21.077
19.537
11.541
19.723
30.247
41.857
16.807
27.975
15.891
32.78
30.457
45.824
24.322
15.573
35.107
26.437
26.868
43.579
26.618
13.876
28.425
16.177
19.153
16.768
19.875
40.627
16.768
24.761
17.127
31.636
27.26
39.738
7
37.485
25.77
42.985
25.906
17.305
18.383
27.292
37.275
31.348
7
26.767
32
28.322
40.196
31.685
19
26.974
28.425
32.029
39.828
26.897
18.192
40.356
31.38
34.49
24.942
15.891
53.687
19.875
28.758
9.7839
19.556
13.088
25.032
22.349
32.84
44.796
26.569
42.904
46.013
21.186
44.853
33.641
32.781
19.581
32.302
47.079
16.807
32
34.417
16.768
31.21
24.963
27.715
11.397
19.97
44.862
23.134
30.247
27.408
30.335
39.443
16.4
18.979
43.354
37.891
36.029
39.696
25.947
35.223
15.858
19
7.7409
51.722
27.522
25.729
40.84
7
15.88
28.654
46.116
40.412
25.879
44.339
20.623
53.959
26.908
50.418
35.39
32.51
25.01
27.291
32
37.429
53.34
16.949
10.764
16.599
16.984
26.477
54.709
20.19
39.52
32
40.822
21.894
24.093
54.948
7
24.211
30.723
40.822
21.185
32
42.591
37.437
31.818
51.722
39.48
39.366
44.761
27.114
32.988
20.867
21.008
54.391
44.268
31.33
13.658
13.01
27.96
26.353
39.213
26.345
13.876
34.023
37.211
26.603
23.61
28.446
39.751
31.685
26.308
11.496
28.954
42.985
42.81
31.733
42.222
43.297
34.49
17.091
33.428
23.921
17.34
22.344
21.343
26.631
27.95
21.922
26.196
26.781
29.861
46.39
16.715
30.661
38.23
32.84
15.976
30.762
33.428
39.34
36.134
16.024
36.87
19
25.424
26.603
32.541
24.963
43.156
11.397
16.984
19.343
8.0358
24.322
29.031
43.687
44.253
45.489
21.273
34.082
39.979
25.947
31.734
43.622
49.039
14.734
29.458
18.486
32.942
29.836
39.059
33.227
29.554
38.814
39.443
29.951
39.366
21.371
49.419
31.734
28.675
28.526
39.925
26.012
24.361
36.903
31.348
46.013
21.067
31.818
43.332
26.565
19.581
32.609
39.947
28.411
30.608
19
15.891
27.975
17.8
41.289
39.751
24.369
19
45.546
16.225
26.218
23.122
41.289
44.174
22.946
26.583
30.148
9.3461
43.622
33.038
11.882
19.39
14.321
37.236
14.745
33.273
29.459
27.114
39.469
26.963
40.196
39.443
37.991
24.522
20.84
34.806
41.857
26.49
20.767
31.356
31.38
18.031
23.132
54.556
31.439
26.323
13.087
27.95
40.033
29.894
25.857
25.329
14.912
26.964
54.471
19
16.974
14.917
32.707
44.089
43.828
39.738
41.752
44.469
20.767
13.876
27.486
36.87
24.761
27.77
19.042
40.637
40.688
27.905
36.464
16.307
23.458
26.196
43.297
15.448
8.1644
32.029
42.737
21.259
17.663
13.94
23.616
26.643
21.056
48.128
23.768
32
40.383
21.894
46.393
47.257
16.029
23.105
37.237
48.45
32.832
44.562
42.484
16.715
31.963
24.55
20.063
27.49
45.137
29.156
39.597
16.307
54.992
15.004
29.031
38.35
42.223
35.389
24.803
32
25.358
26.785
32.51
38.569
39.52
35.89
43.687
11.995
27.114
54.556
7.6689
21.068
30.457
46.013
39.674
47.994
54.034
32
32.38
27.883
29.156
34.581
22.644
45.146
21.914
16.4
32
38.73
23.134
36.747
42.689
16.391
16.724
33.641
30.877
26.427
41.806
48.45
51.722
23.237
26.261
30.247
28.15
26.961
22.344
24.037
43.495
23.982
43.687
39.597
42.689
20.186
24.369
53.917
35.862
41.413
39.273
40.012
22.182
53.109
24.522
39.835
34.417
39.696
19.9
7
40.013
35.107
37.237
28.719
28.104
42.401
25.029
7.6689
26.17
31.876
28.719
44.146
19.621
34.14
25.497
34.365
15.264
43.563
26.493
25.76
20.751
26.315
9.9866
42.592
19.259
42.514
16.949
38.989
42.28
43.622
40.155
21.583
41.241
16.724
44.265
21.17
27.96
44.338
32.943
26.961
31.685
19.32
7.8841
14.953
26.274
25.578
47.079
10.324
42.28
33.807
39.34
15.419
36.846
19
40.84
11.496
40.84
21.362
38.367
24.263
33.227
33.535
21.722
29.564
26.006
44.469
44.861
27.114
31.963
31.88
34.413
54.471
35.89
26.218
15.859
29.894
32.648
33.674
44.556
22.644
26.104
34.365
19.237
32
23.247
54.496
42.28
31.458
19
50.806
39.408
17.091
32
49.885
29.235
33.674
30.988
26.583
21.077
53.802
32.731
35.191
42.936
23.037
23.759
42.737
14.342
32.609
24.521
36.929
51.263
37.211
12.497
27.125
19.753
20.491
47.459
16.949
48.53
7
54.55
39.34
33.535
36.962
32
18.916
48.45
42.182
31.766
13.615
17.177
24.896
38.788
35.564
36.464
29.205
24.082
35.402
31.33
15.573
34.894
7
26.107
36.375
30.66
29.459
22.605
35.564
27.213
24.964
32.261
23.605
20.84
28.578
16.78
17.022
16.782
16.542
30.928
54.868
36.87
44.265
35.107
30.848
22.593
34.082
31.494
40.383
42.985
24.925
48.45
21.11
31.364
36.402
41.296
22.957
32.788
26.427
45.438
44.089
23.105
33.423
43.811
14.109
38.131
28.929
27.607
27.888
32.007
34.581
54.153
34.944
21.186
18.698
43.201
21.077
13.289
18.736
26.002
19
36.903
36.87
31.786
27.114
11.345
23.27
26.569
40.61
27.125
38.367
26.562
25.904
27.275
43.563
34.979
44.027
29.554
7.4552
19.238
24.111
26.477
14.359
40.155
25.905
27.77
45.866
7.7409
16.184
23.609
40.91
27.181
42.99
26.103
44.503
35.382
11.345
32.029
17.848
10.858
30.082
20.491
24.702
12.168
31.786
24.328
22.445
44.338
18.951
42.471
26.647
32
53.687
33.315
24.512
24.109
31.974
35.896
29.205
7.7409
38.353
27.96
25.947
27.438
28.719
31.107
45.326
39.088
19.9
32.495
33.641
14.917
7
24.767
54.375
25.857
47.97
20.062
39.366
24.662
31.523
14.039
36.452
23.74
36.929
44.265
23.122
44.469
23.708
45.39
34.082
42.936
26.569
11.941
42.223
21.17
21.727
30.723
38.788
36.506
26.012
25.668
14.694
32.789
40.91
53.917
21.815
24.681
26.477
36.022
40.383
41.413
26.583
39.441
26.323
21.273
54.375
15.183
31.532
29.927
29.422
19.829
37.635
27.77
40.155
32
35.402
23.1
26.868
33.523
24.169
36.846
25.418
11.496
27.96
32
16.984
31.993
53.917
25.704
25.879
47.561
25.704
22.957
44.556
13.615
35.389
41.755
21.657
36.022
14.604
30.553
25.011
42.81
37.919
24.761
25.857
17.09
27.489
22.781
18.18
12.652
17.848
7
42.989
22.182
42.401
34.055
32.988
40.637
19
29.818
27.773
32.268
35.607
19.974
11.541
25.04
19.156
18.199
33.714
29.843
27.214
17.848
7.6492
36.029
7.6216
32.249
40.61
26.388
41.755
44.761
40.356
34.884
49.039
26.643
54.992
20.336
11.995
19.259
25.575
14.953
14.917
43.333
28.022
26.647
47.279
14.953
43.749
25.704
38.73
44.771
26.562
16.177
40.383
43.749
14.633
32
24.854
38.165
24.813
24.813
15.419
33.038
39.674
38.35
32.261
37.275
17.663
41.911
16.387
45.727
27.486
31.38
19.259
16.902
53.917
32
34.023
36.967
7.3119
31.494
23.272
38.569
34.533
32
26.562
26.983
31.67
8.0358
27.607
26.868
33.423
45.956
28.719
33.202
25.642
16.949
20.623
27.017
19.237
36.967
29.034
45.957
36.93
24.392
7.3119
28.425
19.974
29.156
12.169
15.573
16.779
40.224
18.031
38.35
10.646
37.538
23.101
46.116
21.894
22.244
45.179
7.3842
14.816
27.486
28.127
22.957
24.108
39.34
18.007
23.605
25.029
21.194
30.221
45.957
36.464
18.15
14.359
33.428
11.261
9.2146
17.663
35.223
27.667
28.022
29.102
33.315
19.317
23.609
15.655
44.253
20.185
15.419
21.583
54.63
19
43.156
41.034
24.657
30.723
26.114
24.369
18.466
22.957
22.946
42.936
21.259
24.702
15.976
54.375
24.321
26.261
33.523
14.463
25.939
25.418
21.371
45.541
26.908
27.292
18.415
25.01
34.055
19.266
33.485
24.191
19.89
46.997
34.055
19.9
23.569
54.992
39.213
19.723
53.34
21.008
40.628
27.49
46.674
26.964
18.007
46.674
26.871
54.034
13.615
17.8
26.345
14.039
39.059
30.676
27.522
26.963
8.0356
19.97
19.831
32
16.057
46.635
20.647
14.039
30.877
40.224
23.91
34.044
38.428
27.607
26.565
30.936
32
34.101
21.894
14.957
26.477
27.773
27.626
39.905
26.274
20.867
26.983
21.657
50.418
22.471
36.483
11.996
47.97
26.31
33.503
28.736
41.204
33.202
26.618
12.469
24.322
26.477
28.952
53.224
11.495
10.424
12.651
26.281
37.236
19
28.016
25.243
40.383
32
26.493
7
24.198
31.07
44.268
23.513
28.957
23.308
47.285
36.506
9.7841
12.06
20.491
19.723
32
34.817
27.214
37.236
22.392
45.546
42.985
26.49
32
24.109
35.811
17.577
27.083
27.888
35.382
41.806
26.743
8.1645
12.318
7.2409
31.993
30.194
34.817
47.561
16.641
7
46.635
16.187
17.091
54.727
40.412
25.578
21.185
21.008
24.211
32.379
7
26.908
40.593
26.67
15.88
54.15
25.668
41.413
30.936
23.037
45.39
22.593
32.495
20.572
26.897
14.391
34.424
30.553
54.312
26.545
21.489
27.408
44.027
32.788
28.15
28.127
28.364
29.894
36.375
21.068
27.44
33.227
27.576
21.323
12.319
44.339
21.72
32
22.429
7
27.826
26.281
33.714
20.767
18.15
32
26.51
14.604
51.263
29.235
29.476
18.15
33.714
16.187
37.857
13.658
54.948
24.198
43.98
38.849
21.893
33.485
27.454
24.263
36.903
16.641
23.91
42.689
28.655
37.429
32.029
25.093
28.127
54.613
45.326
36.022
19.794
19.89
31.21
28.929
32
31.513
26.767
31.876
26.196
26.908
13.01
25.642
23.48
24.681
27.125
35.191
23.708
29.422
32
54.073
20.744
43.495
15.419
21.056
32.788
42.673
45.022
19.794
27.424
32.388
35.992
37.429
27.715
21.324
23.156
15.717
24.073
16.127
34.894
43.687
17.8
39.979
38.353
19.07
27.275
29.951
33.273
17.848
26.315
37.363
35.945
17.127
26.852
27.883
38.788
11.995
19.349
30.454
23.74
28.633
7
16.391
45.146
28.364
33.535
53.687
33.428
36.029
24.626
27.486
46.39
16.363
41.067
43.201
18.031
25.905
8.1644
43.811
40.013
30.922
24.679
21.727
24.377
39.481
26.309
14.011
29.772
32.541
49.039
27.975
25.668
23.247
22.946
42.673
32.153
39.835
23.247
17.071
19.07
27.408
23.247
35.385
32.153
21.546
26.103
21.17
26.218
36.929
26.545
42.99
44.556
25.835
28.578
15.32
34.482
39.441
26.964
32.891
17.305
34.482
54.153
30.582
19.051
28.676
32
35.89
15.004
31.523
26.443
27.44
39.417
37.55
25.575
36.967
39.597
54.034
24.084
34.13
39.979
33.908
24.521
33.523
11.882
40.593
33.452
30.964
39.982
45.956
24.512
18.49
54.789
42.401
31.439
42.81
33.453
24.397
44.503
22.182
32.249
53.34
41.413
14.553
26.963
29.156
28.758
14.957
45.022
38.451
13.289
23.61
34.581
53.96
17.3
26.618
41.204
32.874
48.128
45.956
18.192
7.9555
7.7409
26.968
34.533
24.111
38.367
24.87
24.369
39.52
54.266
33.856
33.674
31.817
53.802
37.891
21.273
27.44
26.767
36.747
54.153
29.102
14.957
44.253
31.33
21.273
35.132
34.044
37.551
26.961
25.623
23.132
26.583
25.548
27.083
54.073
24.369
27.214
46.116
24.657
24.87
20.647
44.265
29.863
18.486
42.689
25.371
43.579
16.029
25.835
28.322
24.093
40.224
21.715
20.797
12.497
16.782
41.806
33.273
31.695
7
15.183
20.647
25.939
35.811
22.349
36.983
26.107
12.169
26.345
24.626
23.132
32
30.627
46.393
38.835
23.099
31.733
7
14.633
32.988
9.784
38.165
22.81
39.366
11.94
32
29.844
24.385
45.489
27.489
41.034
43.579
23.609
45.022
23.156
46.997
21.715
23.037
27.63
24.81
39.408
53.167
44.253
41.204
15.03
41.58
43.579
15.32
17.316
50.418
24.896
37.92
53.96
14.734
28.032
15.858
23.513
26.345
9.8928
15.891
34.961
26.315
19.794
25.642
27.139
17.316
22.953
19.343
26.105
42.673
44.771
16.715
39.979
39.408
21.056
27.473
15.559
19
44.562
27.826
54.034
45.326
13.725
32.249
20.336
16.187
23.759
30.001
7
25.752
47.845
19.349
37.236
34.49
28.322
31.513
40.658
25.548
19.07
42.936
27.454
24.093
22.344
33.662
32
28.127
24.037
45.022
22.781
28.627
17.581
19.58
30.929
22.781
26.871
19
41.296
19.042
34.146
32.249
29.477
23.096
27.057
24.521
27.44
44.556
22.644
25.904
44.761
37.211
16.949
20.336
29.235
39.417
17.8
14.463
25.704
16.326
54.556
24.617
18.736
41.58
39.925
16.891
32.541
21.815
24.169
34.399
54.709
39.212
46.39
14.553
14.314
35.132
15.448
31.458
7.8841
39.905
20.491
38.307
30.608
49.419
24.778
18.362
27.424
12.651
41.413
38.935
31.876
34.417
26.23
34.807
34.413
38.353
7.7409
7
18.007
30.148
22.445
40.593
24.926
19.64
24.552
41.119
19
31.963
23.237
25.761
26.477
33.227
24.397
38.935
20.744
37.211
27.666
18.031
34.656
32
22.81
32
11.261
18.415
27.486
23.513
26.309
16.022
24.804
19
38.788
47.279
23.037
24.964
13.11
26.012
40.84
33.714
23.465
54.789
44.771
16.559
26.743
25.948
34.656
33.503
39.292
34.894
21.371
24.391
36.029
38.131
14.463
24.211
34.961
44.146
26.775
37.364
26.103
23.921
20.647
16.225
46.997
37.891
24.787
27.486
32
21.903
26.871
27.057
12.652
30.15
27.246
10.858
24.617
29.835
14.314
32.153
22.491
40.034
23.569
24.328
26.92
26.442
24.474
23.513
41.911
7
33.535
19.831
30.405
27.454
43.297
26.17
32
22.593
44.761
32.874
21.056
26.309
20.185
30.723
27.486
29.554
14.912
25.371
18.698
49.039
36.399
32.543
39.735
53.34
39.469
25.752
46.997
32.388
45.438
27.114
18.698
28.307
20.336
47.994
26.826
34.055
23.096
18.017
39.597
31.963
29.951
27.49
32
19.753
20.189
14.816
44.265
39.982
32.609
11.397
15.419
14.734
14.957
47.561
39.947
14.342
31.936
39.674
14.694
14.912
19.05
9.7839
20.751
27.214
22.491
7.8841
25.371
26.17
37.485
25.879
30.922
34.806
24.109
7.4553
42.515
29.835
24.263
41.911
40.637
51.722
26.92
28.649
16.326
39.292
19.486
26.618
26.785
19.156
19
25.77
23.037
34.656
29.231
32.707
30.964
28.954
17.577
34.489
33.315
26.826
23.513
25.096
28.322
33.324
35.992
10.858
24.778
14.251
28.627
37.275
16.949
30.437
17.841
14.652
38.569
7.1699
15.32
17.841
32.495
41.856
41.657
16.022
32.543
33.503
47.459
46.39
32.609
27.576
19.64
16.78
23.91
32.388
43.524
7.5978
14.912
31.636
42.592
33.315
28.649
28.675
17.484
17.022
37.437
15.559
54.948
20.571
34.49
24.111
37.538
11.541
40.196
31.044
7.3842
20.491
30.988
34.13
32.007
35.896
45.957
25.011
31.103
28.155
31.356
32.541
35.896
34.482
19.882
21.489
19.831
26.012
44.298
32
22.085
33.842
47.994
42.223
45.179
28.929
24.834
13.618
7.0883
16.807
41.911
14.917
34.146
19
29.031
24.834
26.477
19.621
18.383
21.17
23.308
54.391
26.255
27.826
29.843
26.012
35.81
21.814
19.882
27.017
26.281
31.348
27.883
15.717
21.657
24.385
26.408
43.94
20.186
28.156
43.828
27.77
32
22.957
14.746
28.627
37.891
19
23.134
44.556
33.662
26.974
39.738
45.956
40.012
42.182
26.353
20.063
29.422
21.343
31.21
17.176
9.9865
29.565
19
32
24.854
29.459
31.07
54.375
43.244
43.687
24.082
19.832
7
24.225
13.658
51.722
20.867
14.912
13.615
30.627
24.321
31.636
29.835
35.811
19.753
40.658
54.152
32.943
23.272
18.199
21.489
24.657
30.661
18.649
45.39
20.867
32.832
23.458
7.8128
13.619
26.49
23.156
22.47
32
16.387
37.275
19.486
26.388
24.618
21.922
44.174
28.649
19.237
15.03
24.618
41.119
29.772
26.51
39.738
39.289
34.424
26.323
32
31.532
30.454
39.847
19.266
31.356
30.148
23.247
20.623
29.951
43.244
23.921
19.723
25.939
12.497
39.441
47.279
15.655
12.497
16.14
11.495
42.754
14.463
7
13.11
16.59
26.743
43.94
27.793
45.146
31.993
30.15
54.15
49.885
29.102
27.292
24.626
33.856
53.572
19.343
11.94
34.533
37.636
28.411
26.17
16.14
21.538
28.104
26.647
38.23
18.466
43.244
34.482
24.108
26.218
29.54
26.631
32.029
16.184
18.017
44.503
24.225
14.109
42.754
29.927
36.846
11.882
32
17.699
23.156
27.905
31.103
7
53.34
16.029
13.092
14.936
38.367
26.663
32
7.7409
20.571
29.772
42.904
44.298
23.237
27.018
23.099
27.826
32.731
39.905
30.627
35.862
7
15.976
25.249
49.885
42.182
19.829
39.735
21.077
26.67
41.119
32
24.263
29.927
41.58
7
26.983
37.703
20.407
33.523
34.044
34.424
32.007
30.723
22.644
31.685
24.522
19
30.627
54.266
26.868
25.857
14.314
20.571
22.47
39.059
54.556
19.153
23.48
19
22.429
21.65
19
33.503
29.235
26.274
25.032
46.393
7.9555
37.364
19.89
35.564
25.905
32.84
34.835
27.181
24.618
28.954
28.346
39.441
39.828
32.117
40.356
14.734
28.578
24.225
26.114
18.649
25.389
7.1699
26.114
30.438
47.994
27.246
34.482
27.114
33.856
19
31.695
26.865
19.9
19.317
19.753
25.329
25.578
32
24.942
24.328
40.196
26.775
7.241
44.795
7
45.146
26.218
16.307
26.897
38.569
28.022
20.491
26.767
27.77
42.904
26.477
14.251
21.371
29.476
21.814
7.0881
31.348
40.196
23.099
34.13
7
30.405
19
53.569
15.573
18.031
40.356
17.091
25.668
27.139
31.695
28.649
54.63
45.39
26.274
37.636
31.67
29.894
15.32
16.057
25.761
27.017
44.265
21.056
54.312
24.512
16.835
41.242
16.363
44.562
42.232
46.635
22.605
52.184
26.323
40.91
28.127
18.49
24.834
29.843
19.9
26.781
7
30.762
32.007
32
31.21
53.109
21.185
28.307
26.67
23.105
36.399
34.365
24.073
20.744
20.751
7.1698
26.261
53.802
38.165
39.835
30.15
16.363
14.391
21.914
19.39
26.255
29.422
23.458
39.136
19.874
19
17.848
21.893
32
23.605
23.708
43.563
15.717
29.818
26.964
44.469
48.53
38.935
19
30.848
21.273
52.184
28.104
25.006
25.548
38.131
43.156
32.541
23.708
25.879
19.882
16.974
41.857
21.11
35.382
16.891
23.759
26.865
22.811
21.657
14.109
11.995
46.116
34.489
28.758
19
18.49
16.127
40.013
39.292
27.888
25.729
45.727
26.826
15.32
13.725
38.165
7.6689
16.225
24.198
26.51
32.921
53.224
24.662
19.343
30.936
35.385
16.024
35.402
34.365
47.279
30.001
43.496
41.242
32.961
26.961
34.365
18.951
11.541
40.61
19.874
43.124
31.963
27.473
25.04
7
39.469
23.237
31.439
17.127
22.392
23.272
24.321
47.845
40.91
14.011
54.868
7
16.517
29.565
47.257
16.057
28.952
54.471
34.417
24.377
18.649
15.03
34.835
29.231
24.787
27.454
16.768
25.01
13.289
17.127
27.576
45.179
16.782
36.87
16.177
7.0982
19.58
40.593
45.546
45.957
16.59
26.631
31.636
29.554
18.362
32
25.623
39.292
47.079
20.667
11.94
21.538
45.326
14.633
17.663
42.401
44.795
40.628
24.87
30.763
26.255
16.78
28.954
37.703
28.016
30.608
16.225
21.914
17.091
24.942
43.749
9.8929
27.95
33.202
14.917
25.767
33.523
34.146
46.674
39.273
29.772
21.914
31.33
26.196
45.542
26.443
22.47
11.345
13.618
18.487
21.903
43.244
44.089
23.921
20.744
39.674
43.94
41.034
28.104
38.307
45.364
30.848
18.736
50.806
45.364
25.76
43.622
30.66
16.475
27.057
36.483
21.067
39.292
14.553
35.946
7
30.877
28.022
34.14
14.463
39.925
23.616
23.134
25.389
38.427
24.093
46.013
25.729
29.863
50.806
42.737
32
28.425
46.393
27.715
14.391
31.458
26.375
19
34.044
33.807
28.411
44.268
16.835
12.318
32.543
45.137
32.388
45.546
17.3
14.039
13.092
40.61
25.329
40.155
31.695
54.613
54.232
36.483
32.891
21.715
18.383
50.418
30.928
18.916
7.0881
31.523
16.517
16.715
16.559
33.662
25.006
25.704
44.503
25.389
30.676
28.737
33.908
24.787
37.363
30.964
34.806
30.454
27.438
41.752
30.15
54.232
25.093
30.221
14.816
20.407
31.38
13.658
32
28.526
20.491
27.607
41.58
23.982
26.871
18.916
19.794
31.439
39.088
7
23.132
37.55
16.225
48.128
47.079
25.828
23.465
19
25.006
32.222
18.18
22.471
33.324
35.402
38.451
16.391
27.486
20.84
29.156
39.136
24.108
45.824
41.034
28.649
19.581
33.273
21.72
29.772
27.691
18.199
16.326
7.5978
21.489
16.4
21.067
36.452
53.167
33.037
32
42.183
33.594
43.297
13.01
36.846
34.49
17.316
24.93
34.961
21.65
38.131
8.8215
27.057
28.737
43.104
23.863
25.575
14.734
32.609
25.642
39.48
19.343
16.024
44.862
27.773
42.737
37.99
38.989
16.542
15.419
42.936
29.54
41.98
28.446
54.789
19
35.607
19
35.992
25.094
7.6217
36.022
24.198
23.134
22.085
35.223
19
19.32
9.893
19
26.785
37.891
7.0882
10.324
25.548
12.318
36.402
36.903
27.691
21.903
45.146
12.319
32.832
24.392
19
18.951
45.364
32
19.89
19.89
14.391
25.243
20.667
32.731
39.696
28.957
43.104
7.241
31.734
53.572
54.789
32
22.575
34.884
13.11
19.07
20.867
40.013
7.8128
30.582
23.61
16.475
26.23
28.649
32.38
25.424
23.609
34.368
31.636
18.008
27.667
42.689
43.828
31.33
18.017
13.091
34.835
24.678
43.495
24.55
31.165
36.962
36.375
24.191
31.786
23.105
32
21.008
35.564
19.05
19.042
14.012
53.569
24.662
28.425
44.146
38.428
39.136
25.249
16.225
33.202
54.789
40.822
45.259
40.223
27.125
54.232
10.423
19.831
11.397
43.354
19
43.811
24.385
26.345
32.302
23.74
53.224
19
30.457
14.391
41.119
33.594
39.418
27.473
39.674
19.153
9.346
44.503
24.702
31.532
34.413
7.3119
34.145
17.484
34.944
28.957
17.577
34.082
17.699
24.108
41.98
44.268
34.817
11.882
43.98
16.782
19.259
43.524
17.546
41.296
21.11
16.599
33.428
45.179
29.034
21.706
42.232
45.824
43.104
24.942
21.371
32
32.261
32.268
24.787
27.139
26.477
14.342
20.062
43.354
27.691
7
46.116
37.551
31.513
36.747
30.335
24.328
24.328
16.59
7
22.445
27.275
15.655
19.882
23.465
14.359
45.438
20.744
18.017
34.023
38.989
19.042
36.464
54.232
25.006
16.807
13.087
9.8929
32
27.73
26.105
26.408
26.961
17.022
24.191
23.91
17.3
44.338
19
26.826
26.218
14.251
37.857
19.39
14.463
32
27.904
43.524
32.648
31.817
45.866
28.526
20.767
13.725
47.561
43.104
16.902
19.621
40.033
24.225
26.565
39.597
38.849
41.657
28.627
14.694
32
31.993
18.192
27.522
33.908
16.599
42.689
24.93
43.579
40.688
21.893
25.948
44
19.794
21.727
20.751
24.198
40.627
31.786
19
19.32
54.232
23.982
23.864
54.727
32
24.369
38.989
32.84
16.59
24.512
28.578
23.27
45.489
19.537
53.569
36.961
35.191
15.573
32.268
7.1699
24.474
23.982
23.605
54.496
33.908
25.905
25.752
28.307
22.085
28.954
7
35.945
27.691
40.383
35.223
19.537
21.371
26.852
26.643
27.773
40.91
24.552
12.319
37.919
30.922
39.289
19
19.97
32.302
36.399
40.61
16.024
54.15
45.137
35.992
12.469
29.034
44
22.491
39.273
35.192
27.246
17.699
35.132
48.53
19.89
21.343
32.268
19.846
42.514
16.724
54.15
42.81
7.4552
38.164
31.993
42.28
26.868
34.082
46.116
46.635
16.391
45.546
21.362
32
26.218
31.766
16.184
15.88
16.599
25.767
19
17.577
21.008
44.027
23.458
53.167
18.017
35.992
20.84
16.835
42.591
22.605
39.735
53.687
36.399
16.387
24.037
32.789
22.429
40.84
49.885
19.259
34.961
16.517
39.469
25.623
24.925
34.101
26.919
33.452
36.983
18.736
19.556
32.51
32.222
36.399
23.122
20.185
26.51
32
19.317
42.47
24.552
15.448
23.605
42.936
31.513
16.715
21.65
26.92
33.662
20.186
51.722
41.034
35.863
21.72
32
26.281
42.232
25.358
31.766
30.082
31.88
20.336
41.752
38.45
24.761
30.661
26.983
12.318
26.781
26.643
21.324
24.191
25.419
32.942
41.523
28.633
34.835
27.522
39.059
32
51.263
24.854
25.029
39.441
37.703
7.5978
54.789
27.888
13.618
22.244
21.538
15.655
48.53
24.321
15.858
38.353
38.849
28.346
21.706
7.5978
40.155
26.353
33.324
25.006
32
21.362
14.816
45.824
37.275
24.198
7
43.123
42.484
29.031
19.156
25.76
27.73
32.731
34.806
19
24.93
35.385
19
25.939
26.17
36.984
25.329
34.055
44.795
22.429
31.044
26.006
27.275
21.922
31.513
26.002
25.767
27.292
28.954
35.385
41.204
12.469
28.526
32.007
35.107
14.553
25.032
34.424
18.383
27.473
18.688
53.34
25.548
30.405
26.443
53.569
39.443
25.424
24.963
23.768
16.14
30.405
39.828
21.914
34.13
26.569
32.832
25.879
20.185
30.676
33.453
33.227
21.068
21.489
42.183
22.644
24.037
9.9863
27.486
33.227
25.905
18.18
34.413
26.196
39.735
31.103
14.936
10.646
37.364
32.84
24.391
40.196
40.012
30.553
24.702
27.715
41.896
14.694
28.016
16.559
22.182
17.34
36.029
42.222
39.674
31.734
22.491
29.554
22.593
37.538
31.975
30.66
15.573
28.364
35.607
29.459
32.832
26.545
40.658
19.829
7
19.042
25.389
11.261
38.165
26.375
39.289
28.634
47.561
50.418
23.61
16.559
34.533
26.908
44.027
25.835
53.224
46.393
25.497
20.491
39.213
15.03
10.765
21.068
28.446
33.714
24.191
10.423
29.231
7
33.523
42.989
27.607
19
26.826
20.407
39.273
19.723
25.575
44.761
17.8
12.469
43.354
26.308
27.96
47.845
29.102
33.202
26.743
36.375
45.438
26.968
26.871
32
36.402
17.3
20.062
26.104
19
30.988
15.976
28.676
19.156
21.727
37.991
24.322
22.392
16.184
47.561
27.181
21.903
19
24.81
9.2144
25.497
9.7839
23.609
42.47
40.61
35.401
44.469
43.524
53.917
18.466
8.1644
28.634
14.745
22.085
36.134
25.419
26.002
34.49
18.415
26.565
33.273
21.727
31.636
14.604
31.044
29.818
24.854
13.725
54.266
54.556
30.877
23.101
15.717
15.03
27.083
31.458
27.246
24.93
40.91
31.67
32
16.363
33.842
9.7841
23.605
44.298
44.853
32.875
28.307
37.211
27.139
7.2409
33.428
39.292
17.841
25.642
39.423
17.071
26.569
42.985
44.253
39.423
17.699
20.797
35.862
27.73
30.929
24.896
29.54
39.289
19
24.964
34.424
41.756
32.891
21.068
36.846
36.375
28.346
8.0357
31.974
27.424
30.221
21.11
18.979
54.312
36.93
30.335
22.349
28.346
8.0358
46.674
15.88
40.91
34.979
24.211
27.63
34.024
47.459
27.214
17.3
27.26
20.797
10.324
41.856
37.485
39.738
26.562
43.811
27.73
26.114
29.156
36.402
36.134
30.676
44.268
33.485
22.429
23.269
18.007
14.342
26.618
22.491
32
24.361
35.992
9.8927
44.253
45.364
30.405
38.35
44.556
53.109
28.425
32.117
32.117
43.622
32.261
19.051
39.273
21.893
31.88
9.3461
34.945
16.542
20.491
28.952
14.18
27.773
27.139
28.526
26.315
11.345
21.17
38.73
21.324
16.178
31.766
27.438
25.006
47.257
18.017
24.702
42.673
43.98
44.174
25.243
19.829
27.298
14.321
25.04
39.696
34.082
31.044
35.992
37.919
14.18
31.734
31.532
45.178
31.695
30.457
23.037
23.269
30.964
26.868
13.615
16.835
34.807
34.884
38.307
29.863
27.438
29.818
54.073
21.259
26.134
35.992
26.964
31.685
15.655
24.197
16.14
23.099
13.658
31.165
36.93
31.963
36.452
17.177
45.326
25.04
23.308
24.662
21.65
45.489
26.767
31.786
38.353
38.935
32
32.268
17.071
32
35.81
36.375
40.822
39.982
31.494
10.858
17.022
45.39
19
24.925
29.863
48.45
32.731
44.771
19
30.928
54.266
16.057
29.894
41.856
37.891
14.314
25.829
43.104
28.929
54.709
36.402
24.657
52.184
25.029
24.617
32.261
28.322
46.674
39.24
43.563
38.23
26.437
19
42.592
32.961
38.45
22.575
26.012
27.666
17.484
24.246
20.667
24.55
41.067
15.717
26.105
7.6217
43.811
23.616
36.464
27.975
34.979
28.627
37.436
25.424
34.101
37.99
23.099
37.635
25.389
32.731
40.61
14.936
34.835
35.132
23.465
24.834
27.489
24.678
19.042
41.755
17.581
18.362
26.388
26.134
53.167
20.186
40.637
45.326
38.935
45.146
29.861
7.8841
38.73
31.07
34.884
16.057
21.273
20.062
27.63
22.575
19.794
23.269
35.107
39.947
25.329
30.194
17.316
22.392
44.298
25.947
23.465
45.956
25.578
26.618
26.643
25.243
17.577
37.43
22.575
19.875
40.84
20.189
29.54
38.935
26.618
28.719
26.345
54.391
45.137
9.2144
27.73
18.486
32
30.15
11.541
26.785
39.925
34.398
38.814
24.787
27.454
14.694
26.603
54.868
45.957
32.302
35.389
19.317
19.556
7
7.241
22.445
27.975
19.537
24.474
54.375
16.024
54.727
37.703
21.914
18.649
32
18.199
34.024
24.512
30.627
41.806
40.688
13.087
19.846
47.284
26.67
15.264
42.222
24.55
19.051
25.828
48.128
45.364
27.26
31.993
46.997
39.847
39.751
22.953
7.6492
24.361
41.912
54.727
17.3
25.243
21.894
7.3842
14.745
19.153
17.09
45.824
27.298
27.486
9.3459
10.423
24.198
28.15
38.849
32.781
22.182
24.198
40.593
17.546
28.346
20.491
17.577
45.022
29.54
25.419
32.249
19
24.322
35.607
32
54.948
15.183
26.309
35.192
28.719
39.905
20.186
25.243
40.412
28.675
15.263
41.523
16.542
19
7.3119
35.382
16.178
21.723
39.52
10.765
54.55
41.296
7
24.679
34.13
32.379
28.736
14.553
54.63
41.657
17.34
18.199
23.74
21.893
37.538
35.89
7.3842
38.35
27.626
22.781
17.071
42.183
50.806
23.982
32.029
11.345
43.811
33.485
28.957
33.674
32
25.249
29.772
18.466
9.3459
15.891
7.8841
21.583
19.486
34.365
24.361
25.578
34.101
45.259
7.6689
16.178
42.515
24.854
32.921
27.96
53.802
32.707
19
49.885
21.815
37.363
42.514
18.192
26.002
34.806
25.904
24.111
30.437
42.484
23.863
43.622
23.863
7.9555
32.543
45.259
19.64
26.442
16.559
17.091
47.97
26.964
28.032
13.94
30.608
40.628
32.495
35.402
27.114
8.8214
22.392
24.778
14.746
32.51
39.735
25.575
26.781
26.274
30.454
53.96
24.942
11.397
27.826
45.137
24.246
26.006
44.562
16.59
35.896
26.663
25.011
14.251
26.871
16.307
19.556
16.187
23.768
53.802
40.013
24.87
31.364
23.101
24.225
32.891
51.263
27.905
33.453
29.54
12.469
25.729
26.618
22.471
26.255
44.298
32.707
19
26.134
39.273
21.723
39.48
26.261
21.657
34.044
20.647
19.39
26.261
15.264
16.974
19.537
27.73
35.382
43.156
17.316
16.363
40.356
26.908
24.813
16.902
32.84
19.64
31.494
32.943
46.393
25.04
22.244
24.037
19.556
40.637
18.979
24.169
33.856
17.071
35.992
8.1645
23.61
25.096
26.964
30.247
25.329
24.377
28.736
7.3842
40.91
34.884
29.843
53.224
25.096
30.964
27.626
38.814
30.438
25.767
50.806
24.93
43.156
40.91
38.427
20.647
24.626
23.272
26.107
27.793
32
20.84
19.156
14.251
32
28.758
19.581
43.563
41.896
26.742
54.391
32.496
42.754
54.073
33.594
7.3119
25.905
30.964
33.535
23.308
21.922
30.457
39.905
10.858
24.787
39.289
49.419
47.079
24.681
39.212
27.63
7
43.94
16.782
41.067
26.427
24.767
18.688
20.744
14.342
31.364
39.925
39.423
16.641
24.246
31.165
7.6492
39.136
24.804
28.15
26.562
16.891
24.109
16.517
21.259
39.366
23.48
7.0982
31.734
49.419
27.057
19.266
22.957
21.583
35.389
37.437
16.641
29.102
24.211
35.564
29.565
14.746
54.471
28.627
36.967
14.604
20.491
49.885
44.268
54.63
39.136
21.583
14.314
43.104
54.55
20.491
13.725
32.268
7
40.356
43.332
28.758
29.554
27.114
9.9863
32
21.259
18.649
12.319
20.751
53.569
22.349
39.34
26.477
19.266
23.308
43.495
27.626
47.994
32.495
24.834
45.956
30.936
47.845
27.95
24.93
19.64
44.771
27.888
24.778
31.766
41.204
26.775
30.676
18.383
39.834
35.223
32
15.183
12.318
26.114
22.085
26.218
22.244
54.727
54.375
26.775
18.688
7.4553
34.044
41.034
26.308
21.344
29.476
33.503
10.646
27.292
34.398
26.826
26.67
18.649
22.344
17.071
28.758
27.793
31.733
30.936
43.297
32.007
24.073
25.419
12.318
40.412
26.437
34.894
25.04
23.132
39.982
24.108
7.0982
27.905
34.417
22.244
27.275
31.107
24.108
34.368
27.607
38.131
31.439
31.348
39.212
19.237
38.835
12.497
19.621
23.74
26.767
13.088
32.117
21.922
35.992
21.722
18.415
26.983
34.944
30.608
24.082
43.749
30.848
40.61
7.8128
34.413
40.61
24.391
44.146
31.356
31.532
24.084
28.15
39.979
36.506
