4.33333333333333
4.16666666666667
4.08333333333333
4.04166666666667
3.04166666666667
3.54166666666667
3.79166666666667
3.79166666666667
2.95833333333333
2.625
3.375
3.16666666666667
4.25
4.33333333333333
4.375
4.04166666666667
2.875
3.29166666666667
3.33333333333333
3.04166666666667
3.66666666666667
3.70833333333333
4
3.91666666666667
4.16666666666667
4.25
4.16666666666667
4.29166666666667
3.66666666666667
3.70833333333333
4.04166666666667
3.875
3.66666666666667
3.79166666666667
3.54166666666667
3.91666666666667
2.83333333333333
3.25
3.45833333333333
3.04166666666667
3.75
3.54166666666667
3.875
3.83333333333333
3.5
3.45833333333333
3.29166666666667
3.5
3.33333333333333
3.04166666666667
3.41666666666667
3.54166666666667
3.08333333333333
2.95833333333333
3.5
3.125
2.29166666666667
2.875
2.70833333333333
2.66666666666667
3.70833333333333
3.875
3.875
3.66666666666667
3.625
3.79166666666667
3.875
3.25
2.91666666666667
3.04166666666667
3.45833333333333
3.625
2.875
3.33333333333333
3.70833333333333
3.5
2.5
2.20833333333333
2.29166666666667
2.125
2.91666666666667
2.5
2.83333333333333
2.83333333333333
2.58333333333333
2.29166666666667
2.91666666666667
2.66666666666667
1.95833333333333
2.08333333333333
2.16666666666667
1.75
3.29166666666667
2.79166666666667
3.33333333333333
3.125
2.95833333333333
2.54166666666667
3.125
2.95833333333333
2.33333333333333
2.83333333333333
2.95833333333333
3.20833333333333
2.58333333333333
2.45833333333333
2.79166666666667
3.33333333333333
2.04166666666667
1.91666666666667
2.16666666666667
1.95833333333333
2.83333333333333
3.33333333333333
3.5
3.25
3.16666666666667
3.25
3.29166666666667
3.5
2.91666666666667
3.29166666666667
3.625
3.625
2.5
2.375
2.29166666666667
2.125
2.54166666666667
2.66666666666667
2.375
2.58333333333333
2.79166666666667
2.375
2.83333333333333
3.16666666666667
2
2.20833333333333
1.95833333333333
2.04166666666667
2.29166666666667
2.29166666666667
2.375
2.625
1.08333333333333
1
1.33333333333333
1.29166666666667
1.08333333333333
1.41666666666667
1.70833333333333
1.83333333333333
2.04166666666667
1.75
2.20833333333333
2.41666666666667
2.66666666666667
2.83333333333333
3.5
2.95833333333333
3.20833333333333
3.375
3.91666666666667
4.04166666666667
3.70833333333333
4.125
4.20833333333333
4.20833333333333
4.41666666666667
4.58333333333333
4.20833333333333
4.20833333333333
4.5
4.29166666666667
4.375
3.91666666666667
2.70833333333333
3.125
4.20833333333333
4.04166666666667
2.375
2.20833333333333
3.375
3.41666666666667
1.83333333333333
2.20833333333333
2.75
2.41666666666667
3.29166666666667
3.5
3.54166666666667
3.20833333333333
2.75
2.54166666666667
2.95833333333333
2.5
2.625
3.16666666666667
3.54166666666667
3.41666666666667
3.41666666666667
3.5
3.66666666666667
3.66666666666667
3.16666666666667
3.16666666666667
3.41666666666667
3.375
3.5
2.75
3.66666666666667
3.16666666666667
2.29166666666667
2.5
3.29166666666667
2.66666666666667
3.08333333333333
3.16666666666667
3.20833333333333
3.20833333333333
2.66666666666667
3
3.20833333333333
2.75
2.5
2.70833333333333
2.95833333333333
2.375
3.16666666666667
2.25
3.375
2.95833333333333
1.83333333333333
2.25
2.54166666666667
2.33333333333333
3.08333333333333
3.04166666666667
3.54166666666667
3.5
2.66666666666667
3.25
3.5
3.33333333333333
2.125
2.5
3.04166666666667
2.83333333333333
2.75
2.25
2.91666666666667
3.20833333333333
2.125
1.91666666666667
2.625
2.45833333333333
2.29166666666667
2.16666666666667
2.29166666666667
2.375
2.125
2.25
2.95833333333333
2.16666666666667
1.91666666666667
1.83333333333333
1.95833333333333
1.45833333333333
2.41666666666667
2.45833333333333
2.70833333333333
2.5
2.20833333333333
2.5
2.33333333333333
2.25
2.08333333333333
2.08333333333333
2.625
2.54166666666667
1.95833333333333
1.95833333333333
3
2.41666666666667
1.58333333333333
1.625
2.125
1.66666666666667
2.33333333333333
2.45833333333333
3.29166666666667
2.91666666666667
2.125
2.45833333333333
3.08333333333333
2.83333333333333
2.20833333333333
2.54166666666667
2.79166666666667
2.58333333333333
2.125
2
3.125
2.04166666666667
1.95833333333333
2.25
2.125
1.95833333333333
2.625
2.16666666666667
3.25
2.375
1.58333333333333
1.70833333333333
1.95833333333333
1.54166666666667
2
1.58333333333333
1.70833333333333
1.625
1.125
1
1.08333333333333
1.20833333333333
1.375
1.25
1.54166666666667
1.5
1.83333333333333
1.79166666666667
2.5
2.83333333333333
2.625
3.125
3.20833333333333
3.125
3.125
3.83333333333333
3.79166666666667
3.29166666666667
3.08333333333333
3.75
4.08333333333333
3.95833333333333
3.41666666666667
3.95833333333333
3.70833333333333
3.625
3.91666666666667
3.5
3.83333333333333
3.95833333333333
4
3.45833333333333
3.875
4.29166666666667
3.29166666666667
2.83333333333333
3.54166666666667
3.875
2.95833333333333
2.04166666666667
2.625
2.95833333333333
4
3.95833333333333
3.70833333333333
4.04166666666667
2.91666666666667
3
3.5
3.33333333333333
3.75
3.45833333333333
3.66666666666667
3.95833333333333
4.29166666666667
4.20833333333333
4.20833333333333
4.54166666666667
3.45833333333333
3.58333333333333
3.125
3.91666666666667
3.45833333333333
3.58333333333333
3.45833333333333
4.16666666666667
3.25
2.66666666666667
2.33333333333333
3.33333333333333
3.58333333333333
3.70833333333333
3.58333333333333
4.08333333333333
3.75
3.5
2.95833333333333
3.91666666666667
3.29166666666667
3.33333333333333
3.08333333333333
3.20833333333333
3.16666666666667
3.04166666666667
2.70833333333333
3.91666666666667
2.625
1.91666666666667
2
2.83333333333333
3.33333333333333
3
3.58333333333333
4
3.66666666666667
3.25
3.375
4.16666666666667
3.20833333333333
2.91666666666667
3.33333333333333
4.20833333333333
2.95833333333333
3.08333333333333
3.29166666666667
3.79166666666667
2.54166666666667
1.91666666666667
2.04166666666667
2.66666666666667
2.54166666666667
2.70833333333333
2.66666666666667
2.79166666666667
2.83333333333333
1.625
2.20833333333333
3.125
1.95833333333333
2.08333333333333
1.875
2.16666666666667
3.29166666666667
2.875
3.04166666666667
3.45833333333333
2.91666666666667
2.83333333333333
2.91666666666667
2.83333333333333
3.08333333333333
2.66666666666667
2.91666666666667
2.95833333333333
2.45833333333333
2.04166666666667
2.54166666666667
2.95833333333333
1.83333333333333
1.58333333333333
1.625
1.79166666666667
2.83333333333333
3.25
3.45833333333333
3.45833333333333
2.95833333333333
3.08333333333333
3.16666666666667
3.33333333333333
2.95833333333333
2.91666666666667
3.04166666666667
3.54166666666667
2.66666666666667
1.70833333333333
2
2.45833333333333
1.95833333333333
1.375
1.66666666666667
2.625
2.41666666666667
2.375
2.66666666666667
2.83333333333333
2.125
1.375
1.70833333333333
2.08333333333333
2.04166666666667
1.5
1.54166666666667
2.04166666666667
1.33333333333333
1.20833333333333
1.375
1.33333333333333
2.04166666666667
1.58333333333333
2.41666666666667
2.41666666666667
2.5
2.83333333333333
3.20833333333333
3.25
3.33333333333333
3.29166666666667
3.70833333333333
3.5
4.125
4.08333333333333
4.125
4.33333333333333
4.16666666666667
4.20833333333333
4.25
4.375
4.33333333333333
4
4.125
4.5
4.54166666666667
4.08333333333333
4.16666666666667
4.5
4.41666666666667
4.29166666666667
4.20833333333333
3.91666666666667
3.54166666666667
3.79166666666667
4.08333333333333
4.04166666666667
3.70833333333333
3
4.08333333333333
3.54166666666667
2.95833333333333
4.04166666666667
4.375
4.125
2.83333333333333
3.5
3.375
2.875
3.5
3.58333333333333
3.54166666666667
3.41666666666667
2.91666666666667
3.29166666666667
3.33333333333333
3.04166666666667
2.625
3.04166666666667
3.125
2.58333333333333
2.45833333333333
2.95833333333333
3.58333333333333
2.70833333333333
2.375
2.91666666666667
3.33333333333333
2.41666666666667
3.41666666666667
3.33333333333333
3.5
3.70833333333333
3
2.54166666666667
3.04166666666667
3.04166666666667
2
2.625
3.20833333333333
3.25
3.33333333333333
2.95833333333333
3.16666666666667
2.95833333333333
2.33333333333333
2.08333333333333
2.75
1.75
3.625
3.45833333333333
3.45833333333333
3.25
2.75
2.83333333333333
3.16666666666667
2.875
2.29166666666667
2.66666666666667
3.04166666666667
2.95833333333333
2.08333333333333
2.58333333333333
3.375
3.58333333333333
2.08333333333333
2.95833333333333
2.58333333333333
3.125
3.70833333333333
3.75
3.79166666666667
3.75
3.25
3.45833333333333
3.5
3.25
2.58333333333333
3.25
3.58333333333333
3.20833333333333
2.58333333333333
2.29166666666667
2.25
2.08333333333333
2.625
3.20833333333333
3.5
3.16666666666667
2.83333333333333
2.54166666666667
2.83333333333333
3.08333333333333
2.25
2
2.875
3.41666666666667
1.95833333333333
1.58333333333333
2.08333333333333
2.04166666666667
3.41666666666667
3
3.79166666666667
3.625
2.58333333333333
2.75
2.91666666666667
3.25
1.83333333333333
2.16666666666667
2.625
2.91666666666667
1.375
1.29166666666667
1.625
2.08333333333333
3.54166666666667
3.875
3.66666666666667
3.875
3.45833333333333
3.5
2.79166666666667
3.79166666666667
2.45833333333333
2.54166666666667
2.83333333333333
2.875
2.45833333333333
2.79166666666667
2.91666666666667
2.375
4.54166666666667
4.20833333333333
4.04166666666667
4.29166666666667
3.66666666666667
3.75
3.41666666666667
3.625
3.875
3.625
3.875
3.79166666666667
3.375
3.41666666666667
3.79166666666667
3.125
1.91666666666667
2
2.16666666666667
2.54166666666667
2.375
2.83333333333333
2.79166666666667
3.08333333333333
3.20833333333333
3.75
3.79166666666667
3.875
4.25
3.95833333333333
4.08333333333333
4.45833333333333
4.58333333333333
4.5
4.5
4.29166666666667
4.58333333333333
4.70833333333333
4.83333333333333
4.58333333333333
4.66666666666667
4.83333333333333
4.625
4.625
3.54166666666667
3.79166666666667
3.91666666666667
3.58333333333333
3.45833333333333
3.66666666666667
3.625
3.83333333333333
3.41666666666667
3.33333333333333
3.375
3.375
4.375
4.29166666666667
4.25
4.29166666666667
3.70833333333333
3.75
3.66666666666667
4.04166666666667
3.83333333333333
3.41666666666667
4.04166666666667
4
2.70833333333333
3.29166666666667
3.70833333333333
3.70833333333333
2.58333333333333
3.33333333333333
3.83333333333333
2.83333333333333
2.75
3.25
3.41666666666667
2.95833333333333
2.45833333333333
2.95833333333333
3.08333333333333
2.75
2.33333333333333
2.33333333333333
2.91666666666667
2.29166666666667
1.5
2.41666666666667
3.04166666666667
1.625
1.5
2.20833333333333
2.25
1.83333333333333
2.58333333333333
2.70833333333333
2.91666666666667
3
2.29166666666667
2.41666666666667
2.625
2.625
1.20833333333333
2.375
2.125
2.58333333333333
1.75
2.29166666666667
2.375
2.25
1.625
1.25
1.875
1.79166666666667
2.625
2.54166666666667
3.08333333333333
3
2.29166666666667
2.54166666666667
3
2.875
2.5
2.41666666666667
2.83333333333333
2.54166666666667
1.5
1.91666666666667
2.45833333333333
2.5
1.79166666666667
2.33333333333333
2.04166666666667
2.16666666666667
3.75
4.08333333333333
4.375
4.29166666666667
3.5
3.375
3.95833333333333
3.625
3.29166666666667
3
4.04166666666667
3.625
2.375
2.5
2.70833333333333
3.33333333333333
1.83333333333333
2.5
2.70833333333333
1.875
3.04166666666667
1.91666666666667
3.25
2
2
1.875
2.25
2.20833333333333
1.08333333333333
1.16666666666667
1.25
1.66666666666667
3.75
3.70833333333333
4.125
3.875
2.29166666666667
2.83333333333333
3.5
3.45833333333333
1.70833333333333
1.83333333333333
2.25
2.79166666666667
1.08333333333333
1.20833333333333
1.70833333333333
1.79166666666667
3.29166666666667
3.70833333333333
4.20833333333333
3.70833333333333
3
4.04166666666667
2.75
4.16666666666667
1.75
2.70833333333333
3.45833333333333
2.91666666666667
2.20833333333333
2.79166666666667
2.08333333333333
2.16666666666667
4.33333333333333
4.29166666666667
4.45833333333333
4.45833333333333
3.125
2.54166666666667
3.25
3.04166666666667
2.54166666666667
2.625
2.79166666666667
3.08333333333333
2.66666666666667
2.5
2.875
2.875
2.20833333333333
1.875
2.33333333333333
2.45833333333333
2.70833333333333
2.95833333333333
3.20833333333333
3.83333333333333
3.66666666666667
3.70833333333333
3.75
4.04166666666667
3.83333333333333
4.125
4.16666666666667
4.66666666666667
4.08333333333333
4.33333333333333
4.625
4.58333333333333
4.66666666666667
4.54166666666667
4.5
4.83333333333333
4.5
4.70833333333333
4.5
4.70833333333333
2.95833333333333
2.875
3.25
3.20833333333333
2.25
2.70833333333333
2.83333333333333
2.79166666666667
2.45833333333333
2.625
3
2.75
2.91666666666667
3.54166666666667
3.58333333333333
3.29166666666667
2.375
2.625
2.79166666666667
2.91666666666667
2.625
2.66666666666667
3.29166666666667
2.625
2.125
3.125
3.45833333333333
2.45833333333333
1.91666666666667
2.33333333333333
2.70833333333333
2.625
2.41666666666667
2.125
2.33333333333333
2.58333333333333
2.08333333333333
1.95833333333333
1.75
2.125
1.70833333333333
1.58333333333333
2.5
1.70833333333333
1.41666666666667
1.70833333333333
2.29166666666667
2.04166666666667
1.66666666666667
2
2.08333333333333
1.79166666666667
1.95833333333333
2.33333333333333
2.25
2.41666666666667
1.75
1.375
1.75
2
1.33333333333333
1.45833333333333
2.04166666666667
1.75
1.625
1.70833333333333
1.75
2.08333333333333
1.29166666666667
1.375
1.91666666666667
1.29166666666667
2.04166666666667
1.875
2.33333333333333
2.54166666666667
1.66666666666667
1.95833333333333
2.16666666666667
1.91666666666667
1.58333333333333
1.66666666666667
2.125
1.875
1.375
2.125
1.875
1.79166666666667
1.625
2.08333333333333
1.95833333333333
1.91666666666667
2.75
2.66666666666667
3.70833333333333
3.29166666666667
2.16666666666667
2.5
3.08333333333333
2.83333333333333
1.79166666666667
1.83333333333333
3.125
2.33333333333333
1.75
1.79166666666667
2.70833333333333
2.125
1.66666666666667
2.375
2.79166666666667
1.54166666666667
2.375
1.75
3.16666666666667
2.33333333333333
1.45833333333333
1.45833333333333
1.66666666666667
1.625
1.08333333333333
1.04166666666667
1.16666666666667
1.16666666666667
2.33333333333333
2.45833333333333
3.33333333333333
3.08333333333333
1.70833333333333
1.45833333333333
2.20833333333333
2.16666666666667
1.58333333333333
1.20833333333333
1.875
1.75
1.04166666666667
1.04166666666667
1.33333333333333
1.16666666666667
2.79166666666667
2.58333333333333
3.58333333333333
3.08333333333333
2.20833333333333
2.33333333333333
2.66666666666667
2.625
1.5
2.125
2.08333333333333
2.20833333333333
1.70833333333333
1.625
2.33333333333333
1.70833333333333
3.41666666666667
3.66666666666667
4
3.25
2.79166666666667
2.20833333333333
2.41666666666667
2.375
2.25
2.5
2.20833333333333
2.33333333333333
2.125
2.29166666666667
2.33333333333333
2.16666666666667
1.70833333333333
1.5
1.70833333333333
2.25
1.83333333333333
2.08333333333333
2.83333333333333
3.125
2.79166666666667
2.375
3.29166666666667
3.75
2.875
3.54166666666667
4
3.91666666666667
3.25
4
4.125
3.625
3.875
4
3.79166666666667
4.41666666666667
3.75
3.54166666666667
4
4.125
2.375
2.41666666666667
2.66666666666667
2.45833333333333
2.375
2.33333333333333
2.125
2.5
2.08333333333333
2
2.33333333333333
2.29166666666667
3.875
3.75
3.875
3.83333333333333
3.45833333333333
2.75
3.04166666666667
3.33333333333333
3.70833333333333
2.70833333333333
3.16666666666667
3.79166666666667
3.79166666666667
3.79166666666667
3.5
3.33333333333333
2.875
3.41666666666667
3.58333333333333
2.875
3.04166666666667
2.75
3.08333333333333
2.95833333333333
2.66666666666667
2.58333333333333
2.875
2.70833333333333
2.375
2.08333333333333
2.58333333333333
2.45833333333333
1.95833333333333
2.79166666666667
2.95833333333333
1.91666666666667
1.45833333333333
1.91666666666667
2.29166666666667
2.79166666666667
2.58333333333333
2.45833333333333
2.83333333333333
3.08333333333333
2.375
1.875
2.625
2.625
1.70833333333333
2
2.29166666666667
2.41666666666667
2.83333333333333
1.91666666666667
2.25
2.125
2.375
1.625
1.91666666666667
1.70833333333333
2.875
2.25
2.66666666666667
2.83333333333333
2.20833333333333
2.375
2.83333333333333
2.625
2.20833333333333
1.70833333333333
2.70833333333333
2.45833333333333
2.33333333333333
2.08333333333333
2.41666666666667
2.5
1.83333333333333
2.25
2.58333333333333
2.66666666666667
3
3.375
2.625
3.75
2.66666666666667
2.33333333333333
2.33333333333333
3.29166666666667
2.91666666666667
2.25
2.25
3.08333333333333
1.95833333333333
1.875
2.66666666666667
2.45833333333333
1.95833333333333
2.66666666666667
1.95833333333333
1.58333333333333
2.41666666666667
1.625
2.625
1.875
2.04166666666667
1.625
1.625
2.08333333333333
1.41666666666667
1.66666666666667
1.5
1.375
3.29166666666667
2.75
3.45833333333333
3.41666666666667
2.29166666666667
1.79166666666667
2.875
2.79166666666667
1.79166666666667
1.54166666666667
2.04166666666667
2.58333333333333
1.66666666666667
1.16666666666667
1.5
1.375
3.20833333333333
3.33333333333333
3.54166666666667
3.66666666666667
2.875
2.625
2.29166666666667
3.54166666666667
2.375
2.04166666666667
2.29166666666667
2.79166666666667
2
2.20833333333333
2.25
2.125
3.875
3.83333333333333
4.04166666666667
4.125
2.875
3.16666666666667
2.95833333333333
3.125
2.79166666666667
2.875
2.75
3.125
2.91666666666667
2.79166666666667
2.66666666666667
2.95833333333333
1.91666666666667
1.70833333333333
2.04166666666667
2.41666666666667
2.91666666666667
2.625
3.25
3.375
3.625
3.54166666666667
3.45833333333333
3.58333333333333
3.95833333333333
4.29166666666667
4.16666666666667
4.33333333333333
4.45833333333333
4.16666666666667
4.25
4.375
4.375
4.54166666666667
4.45833333333333
4.5
4.45833333333333
4
4.375
4.29166666666667
3.16666666666667
3.25
3.16666666666667
3.20833333333333
2.79166666666667
2.75
3.04166666666667
3.16666666666667
2.875
3.125
3.33333333333333
3
